Sample	0	1	2	3	4	5	6	7	8	9	10	11	12	13	14	15
SRR18306560_1	(1.0, 65.8231393251323)	(2.0, 2.662183642934575)	(3.0, 0.09989702099784246)	(4.0, 0.028579826331365125)	(5.0, 0.011907126211662147)	(6.0, 0.007741580809873554)	(7.0, 0.006364364291374466)	(8.0, 0.0028421349222058183)	(9.0, 0.006425338500007355)	('>10', 0.0560166745320143)	('>50', 0.012883807090515606)	('>100', 0.023736841659363534)	('>500', 0.003368478922545476)	('>1k', 0.052970982272185725)	('>5k', 0.0)	('>10k+', 31.201942855392183)
SRR18306560_2	(1.0, 40.401982725865956)	(2.0, 5.919290359079258)	(3.0, 2.829667916720195)	(4.0, 1.8507643231427542)	(5.0, 1.3407777987362328)	(6.0, 1.0988083970267013)	(7.0, 0.8788522090744835)	(8.0, 0.7754089394684144)	(9.0, 0.6880670509769881)	('>10', 9.875612792120824)	('>50', 5.371297224061584)	('>100', 18.41531677848592)	('>500', 6.084797459959942)	('>1k', 4.098606347907029)	('>5k', 0.1437648702345337)	('>10k+', 0.22698480713917807)
SRR18306561_1	(1.0, 65.94171506819873)	(2.0, 2.495519365391942)	(3.0, 0.09023818895117391)	(4.0, 0.024428961067419836)	(5.0, 0.01473810824461112)	(6.0, 0.011290767996454176)	(7.0, 0.007095452787202643)	(8.0, 0.00428058907749306)	(9.0, 0.0064559852981794464)	('>10', 0.056202592463040435)	('>50', 0.013260854657521179)	('>100', 0.022252055387091813)	('>500', 0.006640413511545471)	('>1k', 0.055573756814164155)	('>5k', 0.0)	('>10k+', 31.250307840153376)
SRR18306561_2	(1.0, 38.25077294636008)	(2.0, 6.1806877155743924)	(3.0, 2.9508390750049327)	(4.0, 2.0488902264935804)	(5.0, 1.4607590183961874)	(6.0, 1.1943212221704738)	(7.0, 0.9818098391908283)	(8.0, 0.8056225655758094)	(9.0, 0.7194234749471197)	('>10', 10.923524664576716)	('>50', 6.117036669229424)	('>100', 19.29965558396254)	('>500', 5.317266484037817)	('>1k', 3.3756105707737802)	('>5k', 0.29768167019655833)	('>10k+', 0.07609827350971383)
SRR18306562_1	(1.0, 65.71994483632564)	(2.0, 2.73414640105681)	(3.0, 0.0951087369059931)	(4.0, 0.02303470696487718)	(5.0, 0.013334811948396178)	(6.0, 0.010584850640845321)	(7.0, 0.010642423891482065)	(8.0, 0.006420121702106574)	(9.0, 0.00573769996788344)	('>10', 0.05106757101464043)	('>50', 0.010544533723239904)	('>100', 0.026175587157480314)	('>500', 0.006605861946063394)	('>1k', 0.04826553160818395)	('>5k', 0.0)	('>10k+', 31.238386325146365)
SRR18306562_2	(1.0, 38.22341450458608)	(2.0, 6.375455949789075)	(3.0, 2.881248866913123)	(4.0, 1.9130012717790685)	(5.0, 1.3977053269560125)	(6.0, 1.1531721327518398)	(7.0, 1.0023176438217716)	(8.0, 0.8347979959812891)	(9.0, 0.6936909573515125)	('>10', 10.688599033947332)	('>50', 6.043155039256695)	('>100', 19.41348401759642)	('>500', 5.483169508082897)	('>1k', 3.5678658056586383)	('>5k', 0.17102586030137934)	('>10k+', 0.15789608522695905)
SRR18306563_1	(1.0, 65.74494341639702)	(2.0, 2.6833438667338996)	(3.0, 0.10759466759788637)	(4.0, 0.02163782243140763)	(5.0, 0.017546084824676872)	(6.0, 0.007762771579896427)	(7.0, 0.007095836129187941)	(8.0, 0.0064212723694553435)	(9.0, 0.0021521393672396826)	('>10', 0.05366708554940167)	('>50', 0.019438589300775414)	('>100', 0.018123924375363174)	('>500', 0.014069381429890525)	('>1k', 0.047486055407343096)	('>5k', 0.0)	('>10k+', 31.248717086506577)
SRR18306563_2	(1.0, 38.43171361458234)	(2.0, 6.242367065040838)	(3.0, 2.93925680969956)	(4.0, 2.020342217853906)	(5.0, 1.4222858135699723)	(6.0, 1.16730604495774)	(7.0, 0.9487531173331885)	(8.0, 0.7863654153867355)	(9.0, 0.690622571648305)	('>10', 10.70967526186995)	('>50', 6.019500217355298)	('>100', 19.357740888446365)	('>500', 5.404783482566653)	('>1k', 3.5280530907248537)	('>5k', 0.2449355417742045)	('>10k+', 0.08629884719001973)
SRR18306564_1	(1.0, 66.17914893013773)	(2.0, 2.3622023342950484)	(3.0, 0.08001038521962156)	(4.0, 0.022399707435725325)	(5.0, 0.012676614331888695)	(6.0, 0.002834155844282884)	(7.0, 0.007841225506789647)	(8.0, 0.005737244100187762)	(9.0, 0.005050426132353292)	('>10', 0.058785700551359774)	('>50', 0.009045800463302412)	('>100', 0.020710817576970436)	('>500', 0.006064926063003042)	('>1k', 0.04583877819993459)	('>5k', 0.0)	('>10k+', 31.181652954141803)
SRR18306564_2	(1.0, 42.02696887252246)	(2.0, 5.766527160362572)	(3.0, 2.7504679151263547)	(4.0, 1.8516011856159382)	(5.0, 1.2752889289870142)	(6.0, 1.0749261475052052)	(7.0, 0.8691685644963069)	(8.0, 0.7593645066008904)	(9.0, 0.6442932113332848)	('>10', 10.271904192635159)	('>50', 5.965059114119764)	('>100', 18.654437717930296)	('>500', 4.799796680642666)	('>1k', 2.92241317425276)	('>5k', 0.3677826278693337)	('>10k+', 0.0)
SRR18306565_1	(1.0, 66.21935805530475)	(2.0, 2.34461391795225)	(3.0, 0.08492415479872979)	(4.0, 0.021711968213475576)	(5.0, 0.014798488491092127)	(6.0, 0.008508134368048932)	(7.0, 0.007133498760460139)	(8.0, 0.004306235764887987)	(9.0, 0.0036103972382647387)	('>10', 0.05215250452356866)	('>50', 0.01287083776619346)	('>100', 0.019665196031946285)	('>500', 0.014510393618267855)	('>1k', 0.04716511752099761)	('>5k', 0.0)	('>10k+', 31.14467109964708)
SRR18306565_2	(1.0, 38.845909257261226)	(2.0, 6.297876960946949)	(3.0, 2.961507824406997)	(4.0, 1.988635632485164)	(5.0, 1.4634537326517987)	(6.0, 1.210317691229452)	(7.0, 0.9471415092682898)	(8.0, 0.8677982854414665)	(9.0, 0.7227980234249755)	('>10', 11.189813569237709)	('>50', 6.443398856435199)	('>100', 19.09845741053861)	('>500', 4.749862910026289)	('>1k', 2.849795530507351)	('>5k', 0.3632328061385698)	('>10k+', 0.0)
SRR18306566_1	(1.0, 65.873962979283)	(2.0, 2.573088664106042)	(3.0, 0.09938554394655957)	(4.0, 0.013985255445876256)	(5.0, 0.01336724026032569)	(6.0, 0.013448814988292366)	(7.0, 0.00783357288596091)	(8.0, 0.007881179054838356)	(9.0, 0.006487342780509002)	('>10', 0.04926229284171564)	('>50', 0.012068899568795857)	('>100', 0.021542707035099383)	('>500', 0.006701149289834085)	('>1k', 0.04738669854954103)	('>5k', 0.0)	('>10k+', 31.253597659963596)
SRR18306566_2	(1.0, 39.18430455823029)	(2.0, 6.172364687330441)	(3.0, 2.9413699058269795)	(4.0, 1.953567457179925)	(5.0, 1.4074206876985438)	(6.0, 1.1260345260805908)	(7.0, 0.9916352558276651)	(8.0, 0.8444941238441148)	(9.0, 0.733653420967222)	('>10', 10.869912081432906)	('>50', 6.28104652836865)	('>100', 19.310825914702875)	('>500', 4.908630176454587)	('>1k', 2.94720587888282)	('>5k', 0.3275347971723609)	('>10k+', 0.0)
SRR18306567_1	(1.0, 65.9344221388583)	(2.0, 2.545401672780245)	(3.0, 0.10291833070378328)	(4.0, 0.01749209728007558)	(5.0, 0.016895786765890746)	(6.0, 0.007791473757040987)	(7.0, 0.009977211031275683)	(8.0, 0.010038245222572392)	(9.0, 0.002164183642074607)	('>10', 0.04766539955090689)	('>50', 0.008848625274461357)	('>100', 0.01797368494526368)	('>500', 0.013447187201064017)	('>1k', 0.04721738751166064)	('>5k', 0.0)	('>10k+', 31.21774657547541)
SRR18306567_2	(1.0, 39.187159623345885)	(2.0, 6.400100934700434)	(3.0, 2.915931381570773)	(4.0, 1.8244257854395172)	(5.0, 1.4297753591206523)	(6.0, 1.115758274184232)	(7.0, 1.0163878717469848)	(8.0, 0.8532215611878861)	(9.0, 0.7132775232193465)	('>10', 10.855499501418176)	('>50', 6.367408713970526)	('>100', 19.204378581094847)	('>500', 4.860434974362125)	('>1k', 2.9322438011157437)	('>5k', 0.3239961135228193)	('>10k+', 0.0)
SRR18306568_1	(1.0, 65.71170608999581)	(2.0, 2.7153240264885325)	(3.0, 0.10539776913709828)	(4.0, 0.01881304316620211)	(5.0, 0.018904407113718533)	(6.0, 0.011960484719840585)	(7.0, 0.007776598171946082)	(8.0, 0.004972659030737044)	(9.0, 0.003569035486093025)	('>10', 0.06928840502250527)	('>50', 0.0137588223352722)	('>100', 0.022251573078912734)	('>500', 0.00661006229552603)	('>1k', 0.05536177300995565)	('>5k', 0.0)	('>10k+', 31.23430525094779)
SRR18306568_2	(1.0, 37.5607563888077)	(2.0, 6.293288882969457)	(3.0, 2.9491514065245714)	(4.0, 2.016223496674211)	(5.0, 1.4326926903426838)	(6.0, 1.1612544558144262)	(7.0, 0.9565464349096543)	(8.0, 0.8298285708238583)	(9.0, 0.7340459258503694)	('>10', 10.744407134723485)	('>50', 5.777515316627479)	('>100', 19.13943735887024)	('>500', 6.0598190202131255)	('>1k', 3.9681727612357296)	('>5k', 0.15121110799244564)	('>10k+', 0.22564904762057514)
SRR18306569_1	(1.0, 65.56087897146627)	(2.0, 2.8981640438297562)	(3.0, 0.1213959063917905)	(4.0, 0.020910737338230324)	(5.0, 0.011205901708185882)	(6.0, 0.009852132209416014)	(7.0, 0.008485070331641708)	(8.0, 0.00568372200530703)	(9.0, 0.0021415556905413123)	('>10', 0.06065336484514015)	('>50', 0.01891079578003283)	('>100', 0.02804877392207341)	('>500', 0.006580057091088664)	('>1k', 0.04828232272348927)	('>5k', 0.0)	('>10k+', 31.198806644667066)
SRR18306569_2	(1.0, 37.56449911493654)	(2.0, 6.294783966480143)	(3.0, 3.0084153228023918)	(4.0, 1.951279795930917)	(5.0, 1.4687407012658162)	(6.0, 1.2008719946179665)	(7.0, 0.9703518264410512)	(8.0, 0.8294695869718745)	(9.0, 0.739377109055069)	('>10', 10.524438697824454)	('>50', 5.628610142747073)	('>100', 19.066259628232824)	('>500', 6.236543871809105)	('>1k', 4.188987746491926)	('>5k', 0.0960786420739301)	('>10k+', 0.23129185231896005)
SRR18306570_1	(1.0, 65.57009566772071)	(2.0, 2.8428222281876985)	(3.0, 0.11648553032311997)	(4.0, 0.027869518037818345)	(5.0, 0.013302289339195094)	(6.0, 0.009145680345992956)	(7.0, 0.014845279963630102)	(8.0, 0.0106549972861662)	(9.0, 0.006423831431416507)	('>10', 0.05591469194800913)	('>50', 0.010076828918007225)	('>100', 0.02174517079877607)	('>500', 0.006494187786764501)	('>1k', 0.05426714003744997)	('>5k', 0.0)	('>10k+', 31.23985695787525)
SRR18306570_2	(1.0, 37.510525531813514)	(2.0, 6.446096342450248)	(3.0, 2.9659941608982563)	(4.0, 1.9268767483561284)	(5.0, 1.4498273953794727)	(6.0, 1.1684995592433955)	(7.0, 0.9108963342642405)	(8.0, 0.8128140471186202)	(9.0, 0.7226699841406902)	('>10', 10.629193385962534)	('>50', 5.748442651361482)	('>100', 19.089234968392542)	('>500', 6.214454871990547)	('>1k', 4.072273534801742)	('>5k', 0.09533435704790372)	('>10k+', 0.2368661267787965)
SRR18306571_1	(1.0, 66.31372065154734)	(2.0, 2.2004319621136332)	(3.0, 0.08571736205867292)	(4.0, 0.014738675608260265)	(5.0, 0.020497706131675494)	(6.0, 0.009253613066506485)	(7.0, 0.006451546510618709)	(8.0, 0.009384489153279335)	(9.0, 0.006542569999565122)	('>10', 0.051410984401088156)	('>50', 0.0065479821933151685)	('>100', 0.015390866404931322)	('>500', 0.015179415543182558)	('>1k', 0.03827005407806231)	('>5k', 0.0)	('>10k+', 31.206462121189816)
SRR18306571_2	(1.0, 42.008770468087256)	(2.0, 5.940367015362609)	(3.0, 2.735888878378868)	(4.0, 1.819863707825458)	(5.0, 1.3561459666971547)	(6.0, 1.0998177032549727)	(7.0, 0.9471179168128243)	(8.0, 0.7566487180692288)	(9.0, 0.6662296026932263)	('>10', 10.875902683160554)	('>50', 6.566013523916974)	('>100', 18.387637952915405)	('>500', 4.207709603321668)	('>1k', 2.3067741897408354)	('>5k', 0.32511206976296436)	('>10k+', 0.0)
SRR18306572_1	(1.0, 66.29670422002475)	(2.0, 2.2145836722357326)	(3.0, 0.07177189650756727)	(4.0, 0.023861589834763917)	(5.0, 0.014136640067147904)	(6.0, 0.009254389789822537)	(7.0, 0.00788638249637256)	(8.0, 0.00433221104325118)	(9.0, 0.002181450186128785)	('>10', 0.054576017025460985)	('>50', 0.010358577662163386)	('>100', 0.019300149316670102)	('>500', 0.02302862379359853)	('>1k', 0.03823360928600012)	('>5k', 0.0)	('>10k+', 31.209790570730572)
SRR18306572_2	(1.0, 39.949516710870434)	(2.0, 6.179057858654977)	(3.0, 2.9472076741373665)	(4.0, 1.9600531797103231)	(5.0, 1.4814255556334288)	(6.0, 1.1491033594179494)	(7.0, 0.9659609207187133)	(8.0, 0.8232915523009723)	(9.0, 0.751194463400752)	('>10', 11.283682217752048)	('>50', 6.998884635753388)	('>100', 18.78126793190056)	('>500', 4.140807525518948)	('>1k', 2.2659836167088394)	('>5k', 0.3225627975212858)	('>10k+', 0.0)
SRR18306573_1	(1.0, 66.06423902653799)	(2.0, 2.3708031646007433)	(3.0, 0.08631971457209545)	(4.0, 0.02593997575370424)	(5.0, 0.014827204153579436)	(6.0, 0.008532689649162886)	(7.0, 0.006444727298171091)	(8.0, 0.0050478914843966)	(9.0, 0.002904788382676394)	('>10', 0.05184738253113516)	('>50', 0.010702484101062427)	('>100', 0.023632447958773187)	('>500', 0.01548461543715896)	('>1k', 0.03870666615254587)	('>5k', 0.0)	('>10k+', 31.274567221386835)
SRR18306573_2	(1.0, 39.64224647636615)	(2.0, 6.36902509059771)	(3.0, 3.021473529551361)	(4.0, 1.9075492758560995)	(5.0, 1.478736995168361)	(6.0, 1.1617127847012838)	(7.0, 0.988359417464222)	(8.0, 0.8063080912015047)	(9.0, 0.7129808451960951)	('>10', 11.298338670885618)	('>50', 6.83339231920896)	('>100', 18.900105674473476)	('>500', 4.242158542267533)	('>1k', 2.359378944336527)	('>5k', 0.27823334272504113)	('>10k+', 0.0)
SRR18306574_1	(1.0, 66.06152740713614)	(2.0, 2.37471820599637)	(3.0, 0.07448331610704159)	(4.0, 0.018228768532105893)	(5.0, 0.014122617328731157)	(6.0, 0.009956504696228647)	(7.0, 0.005013754185265636)	(8.0, 0.007934805264072522)	(9.0, 0.0021793947152819373)	('>10', 0.05751872721932739)	('>50', 0.012900307722239102)	('>100', 0.01819988616694042)	('>500', 0.02323227890035721)	('>1k', 0.03781884520401079)	('>5k', 0.0)	('>10k+', 31.282165180825906)
SRR18306574_2	(1.0, 39.94131532386566)	(2.0, 6.306140958525653)	(3.0, 2.9785391392555307)	(4.0, 1.9347550038839416)	(5.0, 1.4710093606197394)	(6.0, 1.1418001499763377)	(7.0, 0.9610094439482648)	(8.0, 0.8587316638174938)	(9.0, 0.7136135781775339)	('>10', 11.213383049665135)	('>50', 6.941166906349329)	('>100', 18.653443844007015)	('>500', 4.270799976263396)	('>1k', 2.3335417575038093)	('>5k', 0.2807498441410893)	('>10k+', 0.0)
SRR18306575_1	(1.0, 66.0148478375054)	(2.0, 2.4809581134672283)	(3.0, 0.0944747796508275)	(4.0, 0.016064729096800397)	(5.0, 0.015450142203419857)	(6.0, 0.010591584325991785)	(7.0, 0.01135913236249238)	(8.0, 0.010706994625286737)	(9.0, 0.004306003358071293)	('>10', 0.05278395637065518)	('>50', 0.01304366521271434)	('>100', 0.025523655833040573)	('>500', 0.006504184205868359)	('>1k', 0.047982424660592875)	('>5k', 0.0)	('>10k+', 31.19540279712163)
SRR18306575_2	(1.0, 40.7252633715696)	(2.0, 5.9271661745794795)	(3.0, 2.850904398088478)	(4.0, 1.7218421423941543)	(5.0, 1.3794024254342947)	(6.0, 1.1215338444037342)	(7.0, 0.8860634555320381)	(8.0, 0.753970830442491)	(9.0, 0.669216851994405)	('>10', 10.156859106341242)	('>50', 5.794615958968482)	('>100', 18.76264801452214)	('>500', 5.379458777629678)	('>1k', 3.4980425142016887)	('>5k', 0.14427422488377462)	('>10k+', 0.2287379090142325)
SRR18306576_1	(1.0, 65.94739801469119)	(2.0, 2.647760205163371)	(3.0, 0.12022184780726104)	(4.0, 0.025134322381601428)	(5.0, 0.013327309297787646)	(6.0, 0.009865927459101994)	(7.0, 0.007079909390124454)	(8.0, 0.006401545512167222)	(9.0, 0.003572923949550336)	('>10', 0.0608088476356793)	('>50', 0.015704587308627137)	('>100', 0.019168037136987563)	('>500', 0.010311909745155785)	('>1k', 0.03275623482366392)	('>5k', 0.0)	('>10k+', 31.0804883776977)
SRR18306577_1	(1.0, 65.87320962888747)	(2.0, 2.764218484315767)	(3.0, 0.11670523255190694)	(4.0, 0.016742636466292385)	(5.0, 0.010508308731997247)	(6.0, 0.01125609905386254)	(7.0, 0.012009933531333509)	(8.0, 0.007803789147466163)	(9.0, 0.00712412286168543)	('>10', 0.05702654781792202)	('>50', 0.01724605289562004)	('>100', 0.015784371252750538)	('>500', 0.009616755172776104)	('>1k', 0.04019385036844088)	('>5k', 0.0)	('>10k+', 31.040554186944792)
SRR18306577_2	(1.0, 33.349716830884624)	(2.0, 6.24395579476245)	(3.0, 3.1698576304284862)	(4.0, 2.2235730058405876)	(5.0, 1.6692229104617249)	(6.0, 1.3772151590833024)	(7.0, 1.1538518155981665)	(8.0, 1.0119122771571696)	(9.0, 0.9274541075951523)	('>10', 12.892473391431425)	('>50', 5.765855497909751)	('>100', 19.228885838905345)	('>500', 6.08890207382705)	('>1k', 4.537370630982128)	('>5k', 0.35975303513263773)	('>10k+', 0.0)
SRR18306578_2	(1.0, 33.68191664197941)	(2.0, 6.19834734308456)	(3.0, 3.1334391500403744)	(4.0, 2.132393085472497)	(5.0, 1.7667406743727545)	(6.0, 1.3412632402343219)	(7.0, 1.1465222184813224)	(8.0, 0.9822599309918143)	(9.0, 0.9057337983676682)	('>10', 12.61694757186367)	('>50', 5.738155125645284)	('>100', 19.05644920427211)	('>500', 6.213535294565103)	('>1k', 4.715864901296383)	('>5k', 0.3053054566847064)	('>10k+', 0.06512636264795037)
SRR18306579_1	(1.0, 65.46607737513185)	(2.0, 3.067642081146919)	(3.0, 0.13183000795861172)	(4.0, 0.02229702919523488)	(5.0, 0.016093799747918493)	(6.0, 0.007026869310285768)	(7.0, 0.007056516833155487)	(8.0, 0.007794871478998036)	(9.0, 0.009250876958929436)	('>10', 0.057506000928673445)	('>50', 0.019090581349387053)	('>100', 0.015821034676746663)	('>500', 0.010101762284097)	('>1k', 0.039428895785535954)	('>5k', 0.0)	('>10k+', 31.122982297213692)
SRR18306579_2	(1.0, 33.55092981167952)	(2.0, 6.241091042498936)	(3.0, 3.1671505497286137)	(4.0, 2.1865435872157843)	(5.0, 1.672913296332498)	(6.0, 1.3418946913044272)	(7.0, 1.1820170773257552)	(8.0, 1.020924758153134)	(9.0, 0.9300305798942556)	('>10', 12.765161853504054)	('>50', 5.725536381653408)	('>100', 19.081604361202736)	('>500', 6.165154129814098)	('>1k', 4.624894677215371)	('>5k', 0.2789044364568327)	('>10k+', 0.06524876602050574)
SRR18306580_1	(1.0, 65.78601134566226)	(2.0, 2.799133936302155)	(3.0, 0.10066802921333744)	(4.0, 0.02440262978158003)	(5.0, 0.0154040050203105)	(6.0, 0.011250470843965988)	(7.0, 0.007061351372004359)	(8.0, 0.006382117565517781)	(9.0, 0.010681823056169064)	('>10', 0.07790330063357834)	('>50', 0.011130170269909026)	('>100', 0.016040608053205573)	('>500', 0.013427187140738506)	('>1k', 0.03208711416980318)	('>5k', 0.0)	('>10k+', 31.088415910915423)
SRR18306580_2	(1.0, 37.43132544536843)	(2.0, 5.810327228290965)	(3.0, 2.914660283603559)	(4.0, 1.9590017490481348)	(5.0, 1.4852284056096696)	(6.0, 1.2469037577615785)	(7.0, 1.0695823839433598)	(8.0, 0.8941731775984939)	(9.0, 0.8098830304340496)	('>10', 11.677398914539818)	('>50', 5.376131472474794)	('>100', 18.457834459264006)	('>500', 5.93279390492996)	('>1k', 4.577820537294331)	('>5k', 0.2929508391174256)	('>10k+', 0.06398441072120174)
SRR18306581_1	(1.0, 65.88343734659901)	(2.0, 2.780312488290479)	(3.0, 0.09935165913792764)	(4.0, 0.02930550266302792)	(5.0, 0.014014835159454028)	(6.0, 0.004222451581534512)	(7.0, 0.00918775753433545)	(8.0, 0.007807444755887699)	(9.0, 0.010691899587953328)	('>10', 0.040614165710998344)	('>50', 0.011870785880864503)	('>100', 0.017453905844183114)	('>500', 0.009587255579395385)	('>1k', 0.041237603943166466)	('>5k', 0.0)	('>10k+', 31.040904897731775)
SRR18306581_2	(1.0, 33.580780561008496)	(2.0, 6.248550866947684)	(3.0, 3.1849559313259093)	(4.0, 2.222385747230701)	(5.0, 1.6870134477064516)	(6.0, 1.428031152298761)	(7.0, 1.2053313374822998)	(8.0, 1.0497718525516775)	(9.0, 0.9058666400477455)	('>10', 12.810805596082972)	('>50', 5.846744102060755)	('>100', 19.001534643824858)	('>500', 5.988784151182665)	('>1k', 4.51103637878633)	('>5k', 0.3284075914627422)	('>10k+', 0.0)
SRR18306582_1	(1.0, 65.49289807186244)	(2.0, 3.0142425474328447)	(3.0, 0.11165361127955203)	(4.0, 0.01880446400110385)	(5.0, 0.018185204333025947)	(6.0, 0.0133457635761136)	(7.0, 0.011991709035508492)	(8.0, 0.010625835820850648)	(9.0, 0.005691134600629337)	('>10', 0.05990161770469372)	('>50', 0.013596210705291519)	('>100', 0.018747381568740503)	('>500', 0.013307486314198397)	('>1k', 0.03254738844010247)	('>5k', 0.0)	('>10k+', 31.164461573324846)
SRR18306582_2	(1.0, 33.626951976233904)	(2.0, 6.110385035055295)	(3.0, 3.231277596883468)	(4.0, 2.1851450893565256)	(5.0, 1.6953732939762596)	(6.0, 1.3357521250910576)	(7.0, 1.222298637690028)	(8.0, 1.025745590332324)	(9.0, 0.8797714329395967)	('>10', 12.685309313923993)	('>50', 5.713100638830287)	('>100', 19.124609895673768)	('>500', 6.212979304274522)	('>1k', 4.63814980600438)	('>5k', 0.2487478509425001)	('>10k+', 0.06440241279218603)
SRR18306583_1	(1.0, 65.58391118802925)	(2.0, 3.0148410372183574)	(3.0, 0.1124771467205705)	(4.0, 0.016037820597798718)	(5.0, 0.008403579132692525)	(6.0, 0.014066170284543381)	(7.0, 0.00847592767845621)	(8.0, 0.00922161028309193)	(9.0, 0.00783629555651985)	('>10', 0.05701164341580738)	('>50', 0.01171843266297298)	('>100', 0.018334065050821635)	('>500', 0.01027672117957705)	('>1k', 0.039951198080466495)	('>5k', 0.0)	('>10k+', 31.087437164109144)
SRR18306583_2	(1.0, 33.967961343138306)	(2.0, 6.139600346193081)	(3.0, 3.1796032356723734)	(4.0, 2.257230220036286)	(5.0, 1.680228199086943)	(6.0, 1.3883461885246255)	(7.0, 1.180213317284878)	(8.0, 0.9920522379148309)	(9.0, 0.8626200442506748)	('>10', 12.520183472083138)	('>50', 5.752113401438621)	('>100', 19.152103691455626)	('>500', 6.081973542328907)	('>1k', 4.530887920236726)	('>5k', 0.24898349499826067)	('>10k+', 0.06589934535669957)
SRR18306584_1	(1.0, 65.87398891796336)	(2.0, 2.7017186813639973)	(3.0, 0.09793938729724139)	(4.0, 0.018843061870500128)	(5.0, 0.011920179951696037)	(6.0, 0.01408986419234042)	(7.0, 0.009909334963858851)	(8.0, 0.008533636161069877)	(9.0, 0.00785920660438485)	('>10', 0.06495951785272787)	('>50', 0.009609566398927143)	('>100', 0.014933149694641518)	('>500', 0.00967742499472404)	('>1k', 0.0411144328519975)	('>5k', 0.0)	('>10k+', 31.11490363783859)
SRR18306584_2	(1.0, 35.32357421872147)	(2.0, 6.310309659089505)	(3.0, 3.1809618978822605)	(4.0, 2.1602437175572278)	(5.0, 1.687687306568887)	(6.0, 1.3163835222519378)	(7.0, 1.158915307437464)	(8.0, 0.9766325134303819)	(9.0, 0.9237376262377583)	('>10', 12.778820023779128)	('>50', 5.896229032929004)	('>100', 19.089719153533203)	('>500', 5.143125428647085)	('>1k', 3.837256304344203)	('>5k', 0.14017362715174392)	('>10k+', 0.0762306604387485)
SRR18306585_1	(1.0, 65.59918679222642)	(2.0, 2.884230454504017)	(3.0, 0.11377558381300351)	(4.0, 0.017425359894945862)	(5.0, 0.011904851277095882)	(6.0, 0.011960630149008894)	(7.0, 0.007068577251450876)	(8.0, 0.0078117501598993664)	(9.0, 0.009988588664645831)	('>10', 0.06334008996528138)	('>50', 0.011143044310683905)	('>100', 0.021607721776389834)	('>500', 0.010076065276191521)	('>1k', 0.032589168870243)	('>5k', 0.0)	('>10k+', 31.197891321860695)
SRR18306585_2	(1.0, 35.30100935549689)	(2.0, 6.161132171976156)	(3.0, 3.222633195513907)	(4.0, 2.1201626024611886)	(5.0, 1.7394727103680978)	(6.0, 1.3820557158536926)	(7.0, 1.1680890120136953)	(8.0, 0.9862690411619487)	(9.0, 0.9294634446495987)	('>10', 12.526746606827958)	('>50', 5.806835877099069)	('>100', 19.198178930825556)	('>500', 5.392495498053619)	('>1k', 3.9048686899824743)	('>5k', 0.08381287755246672)	('>10k+', 0.07677427016369637)
SRR18306586_1	(1.0, 65.6246545719279)	(2.0, 2.873014075542318)	(3.0, 0.11241355131013472)	(4.0, 0.023007717877597145)	(5.0, 0.014010133347264505)	(6.0, 0.009853481339230056)	(7.0, 0.007071438559070974)	(8.0, 0.00852573536268882)	(9.0, 0.007852046039273647)	('>10', 0.05578692845428756)	('>50', 0.01209403000351978)	('>100', 0.015947443388839713)	('>500', 0.010121548277672178)	('>1k', 0.04021915097466262)	('>5k', 0.0)	('>10k+', 31.185428147595484)
SRR18306586_2	(1.0, 35.41267574305255)	(2.0, 6.207604417952237)	(3.0, 3.1681717989801412)	(4.0, 2.1177663526822372)	(5.0, 1.648357537352958)	(6.0, 1.397498164496366)	(7.0, 1.1654095956714168)	(8.0, 1.0225586827686821)	(9.0, 0.9076703416766276)	('>10', 12.546362191713628)	('>50', 5.84946508595093)	('>100', 19.183322461084956)	('>500', 5.263030706975636)	('>1k', 3.9030139107546096)	('>5k', 0.11965213906411488)	('>10k+', 0.08744086982297977)
SRR18306587_1	(1.0, 66.96262153071146)	(2.0, 1.7347408769472927)	(3.0, 0.0571169874852668)	(4.0, 0.022837771216478012)	(5.0, 0.01733472301523798)	(6.0, 0.008771367394903742)	(7.0, 0.003698408891234809)	(8.0, 0.006736352036274269)	(9.0, 0.005301467968352941)	('>10', 0.03343012915724098)	('>50', 0.005319205348382523)	('>100', 0.018824065772299496)	('>500', 0.00957390865495468)	('>1k', 0.02616647131518809)	('>5k', 0.0)	('>10k+', 31.08752673408544)
SRR18306587_2	(1.0, 41.2814039650818)	(2.0, 6.459475559355875)	(3.0, 3.2912865621102454)	(4.0, 2.2822907591446024)	(5.0, 1.731656134927455)	(6.0, 1.3264338564008196)	(7.0, 1.1413877843631135)	(8.0, 1.025460610314362)	(9.0, 0.8627486854877843)	('>10', 14.041254492592756)	('>50', 8.284226261542232)	('>100', 15.060661627884752)	('>500', 2.0858612199092823)	('>1k', 1.1258524808848438)	('>5k', 0.0)	('>10k+', 0.0)
SRR18306588_1	(1.0, 66.78054138807953)	(2.0, 1.8043938635533865)	(3.0, 0.049291809238811685)	(4.0, 0.02494812898228161)	(5.0, 0.01154412468869699)	(6.0, 0.013145057800156328)	(7.0, 0.0022173696789966656)	(8.0, 0.003740172252550073)	(9.0, 0.012112233571505175)	('>10', 0.03444814346478238)	('>50', 0.0058193765814918315)	('>100', 0.017636708849142833)	('>500', 0.019051929148643437)	('>1k', 0.025665550368524942)	('>5k', 0.0)	('>10k+', 31.1954441437415)
SRR18306588_2	(1.0, 39.88913716729705)	(2.0, 6.827050645136031)	(3.0, 3.485006067324073)	(4.0, 2.4188734427592604)	(5.0, 1.7862224036622052)	(6.0, 1.385366779415342)	(7.0, 1.2232549656793221)	(8.0, 1.0037002846994332)	(9.0, 0.8964161708382604)	('>10', 14.531768084037012)	('>50', 8.412802164519583)	('>100', 14.991625757672775)	('>500', 2.0213125037570117)	('>1k', 1.1274635632026904)	('>5k', 0.0)	('>10k+', 0.0)
SRR18306589_1	(1.0, 66.7415327967705)	(2.0, 1.919407968249527)	(3.0, 0.07683457485085889)	(4.0, 0.01997601337078965)	(5.0, 0.011552337003520725)	(6.0, 0.010960205425730347)	(7.0, 0.0059152552157292265)	(8.0, 0.006733805683869292)	(9.0, 0.0007570614905750119)	('>10', 0.037002686497262356)	('>50', 0.006431193612803136)	('>100', 0.021881941038293568)	('>500', 0.009515722488316928)	('>1k', 0.02577865586991781)	('>5k', 0.0)	('>10k+', 31.105719782432306)
SRR18306589_2	(1.0, 39.65577040781873)	(2.0, 6.856879797486163)	(3.0, 3.43106166348028)	(4.0, 2.3601517654140256)	(5.0, 1.8499119626161364)	(6.0, 1.381612227423595)	(7.0, 1.1993565833184476)	(8.0, 0.9979577499990538)	(9.0, 0.938359794151011)	('>10', 14.40346981652052)	('>50', 8.358484329478365)	('>100', 15.365050352160075)	('>500', 2.0625344119040583)	('>1k', 1.139399138229597)	('>5k', 0.0)	('>10k+', 0.0)
SRR18306590_1	(1.0, 66.65334901646341)	(2.0, 1.9681899675915822)	(3.0, 0.055656967242414014)	(4.0, 0.016402236772448075)	(5.0, 0.013714803731737979)	(6.0, 0.010228283426243377)	(7.0, 0.0073942037698751404)	(8.0, 0.005238224823832912)	(9.0, 0.0030291359020959744)	('>10', 0.04238494394678342)	('>50', 0.005237208115581652)	('>100', 0.025777847985765993)	('>500', 0.009973299661218524)	('>1k', 0.026818957072184263)	('>5k', 0.0)	('>10k+', 31.156604903494834)
SRR18306590_2	(1.0, 39.72154712878385)	(2.0, 6.787115753990731)	(3.0, 3.5063436838816417)	(4.0, 2.342292554098646)	(5.0, 1.7677786325767508)	(6.0, 1.4668495095420864)	(7.0, 1.1989943272895958)	(8.0, 1.018213047233716)	(9.0, 0.9028505969395941)	('>10', 14.542765998151207)	('>50', 8.398633889583897)	('>100', 15.185927569693035)	('>500', 2.0479740894642147)	('>1k', 1.1127132187709083)	('>5k', 0.0)	('>10k+', 0.0)
SRR18306591_1	(1.0, 65.73377436032227)	(2.0, 2.910899209921314)	(3.0, 0.12367762073628942)	(4.0, 0.02511814328492294)	(5.0, 0.00630578131493101)	(6.0, 0.004924966139885487)	(7.0, 0.008477986451968195)	(8.0, 0.008513270476109494)	(9.0, 0.009973426352356797)	('>10', 0.06647668854964936)	('>50', 0.01366603834386571)	('>100', 0.019808142766524716)	('>500', 0.013017256650573036)	('>1k', 0.03321704385126314)	('>5k', 0.0)	('>10k+', 31.02215006483811)
SRR18306591_2	(1.0, 36.788737067657166)	(2.0, 5.914550537374049)	(3.0, 2.9696000848515447)	(4.0, 2.080531310758344)	(5.0, 1.5450907320220921)	(6.0, 1.2565726943703421)	(7.0, 1.0833674516854799)	(8.0, 0.994451507377233)	(9.0, 0.8254863338472798)	('>10', 11.78067703509372)	('>50', 5.322225739882112)	('>100', 18.243775510013975)	('>500', 6.18515864989739)	('>1k', 4.622679331925459)	('>5k', 0.32295636388668875)	('>10k+', 0.06413964935725466)
