Sample	0	1	2	3	4	5	6	7	8	9	10	11	12	13	14	15	16	17	18	19	20	21	22
SRR18306560_1	(28, 15204961.0)																						
SRR18306560_2	(28, 7576.0)	(29, 49.0)	(30, 20.0)	(31, 70.0)	(32, 79.0)	(33, 11.0)	(34, 74.0)	(35, 12.0)	(36, 4.0)	(37, 7.0)	(38, 69.0)	(39, 144.0)	(40, 695.0)	(41, 162.0)	(42, 930.0)	(43, 2007.0)	(44, 5952.0)	(45, 15553.0)	(46, 74886.0)	(47, 351575.0)	(48, 998635.0)	(49, 3553195.0)	(50, 10193256.0)
SRR18306561_1	(28, 13303403.0)																						
SRR18306561_2	(28, 7205.0)	(29, 9.0)	(30, 28.0)	(31, 46.0)	(32, 22.0)	(33, 17.0)	(34, 54.0)	(35, 12.0)	(36, 11.0)	(37, 26.0)	(38, 67.0)	(39, 121.0)	(40, 671.0)	(41, 174.0)	(42, 841.0)	(43, 1728.0)	(44, 5286.0)	(45, 13799.0)	(46, 66130.0)	(47, 306941.0)	(48, 869576.0)	(49, 3101321.0)	(50, 8929318.0)
SRR18306562_1	(28, 13413926.0)																						
SRR18306562_2	(28, 3596.0)	(29, 17.0)	(30, 10.0)	(31, 19.0)	(32, 22.0)	(33, 8.0)	(34, 10.0)	(35, 3.0)	(36, 0.0)	(37, 6.0)	(38, 64.0)	(39, 131.0)	(40, 609.0)	(41, 151.0)	(42, 810.0)	(43, 1700.0)	(44, 5181.0)	(45, 14063.0)	(46, 66021.0)	(47, 310005.0)	(48, 882422.0)	(49, 3132380.0)	(50, 8996698.0)
SRR18306563_1	(28, 13295569.0)																						
SRR18306563_2	(28, 4059.0)	(29, 1.0)	(30, 10.0)	(31, 14.0)	(32, 4.0)	(33, 16.0)	(34, 5.0)	(35, 5.0)	(36, 4.0)	(37, 18.0)	(38, 54.0)	(39, 116.0)	(40, 655.0)	(41, 152.0)	(42, 816.0)	(43, 1686.0)	(44, 5172.0)	(45, 13783.0)	(46, 65586.0)	(47, 307253.0)	(48, 873084.0)	(49, 3103007.0)	(50, 8920069.0)
SRR18306564_1	(28, 11982330.0)																						
SRR18306564_2	(28, 5969.0)	(29, 30.0)	(30, 17.0)	(31, 57.0)	(32, 72.0)	(33, 12.0)	(34, 63.0)	(35, 7.0)	(36, 1.0)	(37, 1.0)	(38, 53.0)	(39, 106.0)	(40, 580.0)	(41, 135.0)	(42, 805.0)	(43, 1548.0)	(44, 4725.0)	(45, 12376.0)	(46, 59299.0)	(47, 276544.0)	(48, 788288.0)	(49, 2794143.0)	(50, 8037499.0)
SRR18306565_1	(28, 11872859.0)																						
SRR18306565_2	(28, 6419.0)	(29, 5.0)	(30, 26.0)	(31, 51.0)	(32, 21.0)	(33, 13.0)	(34, 29.0)	(35, 12.0)	(36, 7.0)	(37, 21.0)	(38, 56.0)	(39, 91.0)	(40, 602.0)	(41, 161.0)	(42, 759.0)	(43, 1468.0)	(44, 4673.0)	(45, 12000.0)	(46, 58980.0)	(47, 272966.0)	(48, 775245.0)	(49, 2769130.0)	(50, 7970124.0)
SRR18306566_1	(28, 11992167.0)																						
SRR18306566_2	(28, 3229.0)	(29, 17.0)	(30, 6.0)	(31, 11.0)	(32, 11.0)	(33, 4.0)	(34, 9.0)	(35, 0.0)	(36, 4.0)	(37, 4.0)	(38, 42.0)	(39, 98.0)	(40, 607.0)	(41, 133.0)	(42, 719.0)	(43, 1490.0)	(44, 4638.0)	(45, 12366.0)	(46, 59036.0)	(47, 278242.0)	(48, 787936.0)	(49, 2799461.0)	(50, 8044104.0)
SRR18306567_1	(28, 11888227.0)																						
SRR18306567_2	(28, 3616.0)	(29, 3.0)	(30, 16.0)	(31, 8.0)	(32, 6.0)	(33, 11.0)	(34, 11.0)	(35, 3.0)	(36, 5.0)	(37, 17.0)	(38, 46.0)	(39, 114.0)	(40, 605.0)	(41, 155.0)	(42, 741.0)	(43, 1495.0)	(44, 4659.0)	(45, 12285.0)	(46, 59161.0)	(47, 274048.0)	(48, 780575.0)	(49, 2774604.0)	(50, 7976043.0)
SRR18306568_1	(28, 15080575.0)																						
SRR18306568_2	(28, 8269.0)	(29, 11.0)	(30, 27.0)	(31, 56.0)	(32, 34.0)	(33, 23.0)	(34, 39.0)	(35, 18.0)	(36, 5.0)	(37, 31.0)	(38, 80.0)	(39, 140.0)	(40, 714.0)	(41, 188.0)	(42, 959.0)	(43, 1931.0)	(44, 5879.0)	(45, 15645.0)	(46, 74352.0)	(47, 347036.0)	(48, 984086.0)	(49, 3517260.0)	(50, 10123792.0)
SRR18306569_1	(28, 15229285.0)																						
SRR18306569_2	(28, 4120.0)	(29, 26.0)	(30, 16.0)	(31, 10.0)	(32, 15.0)	(33, 7.0)	(34, 16.0)	(35, 8.0)	(36, 2.0)	(37, 1.0)	(38, 58.0)	(39, 136.0)	(40, 754.0)	(41, 157.0)	(42, 912.0)	(43, 1891.0)	(44, 6000.0)	(45, 15749.0)	(46, 75062.0)	(47, 352386.0)	(48, 1001714.0)	(49, 3558139.0)	(50, 10212106.0)
SRR18306570_1	(28, 15085104.0)																						
SRR18306570_2	(28, 4517.0)	(29, 0.0)	(30, 17.0)	(31, 11.0)	(32, 3.0)	(33, 19.0)	(34, 13.0)	(35, 6.0)	(36, 6.0)	(37, 19.0)	(38, 50.0)	(39, 107.0)	(40, 742.0)	(41, 179.0)	(42, 918.0)	(43, 1983.0)	(44, 5874.0)	(45, 15782.0)	(46, 74476.0)	(47, 348252.0)	(48, 988221.0)	(49, 3520104.0)	(50, 10123805.0)
SRR18306571_1	(28, 10316361.0)																						
SRR18306571_2	(28, 5049.0)	(29, 17.0)	(30, 12.0)	(31, 49.0)	(32, 41.0)	(33, 14.0)	(34, 43.0)	(35, 6.0)	(36, 1.0)	(37, 5.0)	(38, 51.0)	(39, 96.0)	(40, 495.0)	(41, 139.0)	(42, 597.0)	(43, 1307.0)	(44, 3966.0)	(45, 10396.0)	(46, 50636.0)	(47, 238222.0)	(48, 677298.0)	(49, 2408299.0)	(50, 6919622.0)
SRR18306572_1	(28, 10235836.0)																						
SRR18306572_2	(28, 5572.0)	(29, 9.0)	(30, 17.0)	(31, 44.0)	(32, 30.0)	(33, 9.0)	(34, 35.0)	(35, 8.0)	(36, 4.0)	(37, 13.0)	(38, 46.0)	(39, 92.0)	(40, 545.0)	(41, 120.0)	(42, 660.0)	(43, 1374.0)	(44, 4013.0)	(45, 10491.0)	(46, 50286.0)	(47, 236139.0)	(48, 669545.0)	(49, 2386367.0)	(50, 6870417.0)
SRR18306573_1	(28, 10329181.0)																						
SRR18306573_2	(28, 2714.0)	(29, 10.0)	(30, 10.0)	(31, 13.0)	(32, 11.0)	(33, 8.0)	(34, 18.0)	(35, 2.0)	(36, 1.0)	(37, 3.0)	(38, 38.0)	(39, 91.0)	(40, 493.0)	(41, 114.0)	(42, 640.0)	(43, 1357.0)	(44, 4028.0)	(45, 10445.0)	(46, 51307.0)	(47, 238493.0)	(48, 678700.0)	(49, 2413606.0)	(50, 6927079.0)
SRR18306574_1	(28, 10246045.0)																						
SRR18306574_2	(28, 3122.0)	(29, 5.0)	(30, 7.0)	(31, 10.0)	(32, 5.0)	(33, 13.0)	(34, 10.0)	(35, 5.0)	(36, 3.0)	(37, 8.0)	(38, 32.0)	(39, 86.0)	(40, 528.0)	(41, 125.0)	(42, 589.0)	(43, 1325.0)	(44, 3979.0)	(45, 10566.0)	(46, 50410.0)	(47, 236797.0)	(48, 672416.0)	(49, 2395180.0)	(50, 6870824.0)
SRR18306575_1	(28, 13399494.0)																						
SRR18306575_2	(28, 6696.0)	(29, 42.0)	(30, 22.0)	(31, 71.0)	(32, 46.0)	(33, 9.0)	(34, 66.0)	(35, 10.0)	(36, 3.0)	(37, 8.0)	(38, 66.0)	(39, 127.0)	(40, 723.0)	(41, 154.0)	(42, 825.0)	(43, 1716.0)	(44, 5443.0)	(45, 13889.0)	(46, 66547.0)	(47, 310072.0)	(48, 880040.0)	(49, 3128217.0)	(50, 8984702.0)
SRR18306576_1	(28, 15607135.0)																						
SRR18306577_1	(28, 17257870.0)																						
SRR18306577_2	(28, 9420.0)	(29, 8.0)	(30, 24.0)	(31, 54.0)	(32, 39.0)	(33, 26.0)	(34, 57.0)	(35, 16.0)	(36, 5.0)	(37, 39.0)	(38, 93.0)	(39, 165.0)	(40, 832.0)	(41, 213.0)	(42, 986.0)	(43, 1974.0)	(44, 6889.0)	(45, 18953.0)	(46, 88443.0)	(47, 411921.0)	(48, 1139266.0)	(49, 4026971.0)	(50, 11551476.0)
SRR18306578_2	(28, 4669.0)	(29, 26.0)	(30, 25.0)	(31, 22.0)	(32, 22.0)	(33, 6.0)	(34, 8.0)	(35, 5.0)	(36, 4.0)	(37, 7.0)	(38, 65.0)	(39, 128.0)	(40, 703.0)	(41, 184.0)	(42, 946.0)	(43, 1965.0)	(44, 6987.0)	(45, 19313.0)	(46, 88906.0)	(47, 417050.0)	(48, 1155566.0)	(49, 4075432.0)	(50, 11658457.0)
SRR18306579_1	(28, 17261644.0)																						
SRR18306579_2	(28, 5181.0)	(29, 5.0)	(30, 15.0)	(31, 18.0)	(32, 6.0)	(33, 13.0)	(34, 9.0)	(35, 8.0)	(36, 6.0)	(37, 18.0)	(38, 66.0)	(39, 161.0)	(40, 784.0)	(41, 175.0)	(42, 891.0)	(43, 2017.0)	(44, 6854.0)	(45, 18946.0)	(46, 87974.0)	(47, 413799.0)	(48, 1142589.0)	(49, 4032351.0)	(50, 11549758.0)
SRR18306580_1	(28, 17155600.0)																						
SRR18306580_2	(28, 8520.0)	(29, 40.0)	(30, 23.0)	(31, 89.0)	(32, 85.0)	(33, 10.0)	(34, 97.0)	(35, 10.0)	(36, 2.0)	(37, 4.0)	(38, 82.0)	(39, 117.0)	(40, 787.0)	(41, 178.0)	(42, 965.0)	(43, 2078.0)	(44, 6849.0)	(45, 18731.0)	(46, 87658.0)	(47, 411023.0)	(48, 1137142.0)	(49, 4003777.0)	(50, 11477333.0)
SRR18306581_1	(28, 16985562.0)																						
SRR18306581_2	(28, 9306.0)	(29, 14.0)	(30, 38.0)	(31, 49.0)	(32, 56.0)	(33, 24.0)	(34, 77.0)	(35, 11.0)	(36, 7.0)	(37, 30.0)	(38, 86.0)	(39, 143.0)	(40, 803.0)	(41, 182.0)	(42, 928.0)	(43, 2067.0)	(44, 6793.0)	(45, 18532.0)	(46, 86379.0)	(47, 404871.0)	(48, 1119423.0)	(49, 3961975.0)	(50, 11373768.0)
SRR18306582_1	(28, 17166474.0)																						
SRR18306582_2	(28, 4649.0)	(29, 29.0)	(30, 16.0)	(31, 20.0)	(32, 19.0)	(33, 11.0)	(34, 10.0)	(35, 5.0)	(36, 4.0)	(37, 3.0)	(38, 56.0)	(39, 123.0)	(40, 753.0)	(41, 168.0)	(42, 887.0)	(43, 2021.0)	(44, 6774.0)	(45, 18780.0)	(46, 87843.0)	(47, 410972.0)	(48, 1137166.0)	(49, 4006312.0)	(50, 11489853.0)
SRR18306583_1	(28, 16959906.0)																						
SRR18306583_2	(28, 5279.0)	(29, 0.0)	(30, 15.0)	(31, 18.0)	(32, 4.0)	(33, 13.0)	(34, 12.0)	(35, 5.0)	(36, 6.0)	(37, 19.0)	(38, 72.0)	(39, 139.0)	(40, 773.0)	(41, 203.0)	(42, 864.0)	(43, 1891.0)	(44, 6821.0)	(45, 18413.0)	(46, 86246.0)	(47, 406650.0)	(48, 1123783.0)	(49, 3963282.0)	(50, 11345398.0)
SRR18306584_1	(28, 15472283.0)																						
SRR18306584_2	(28, 8520.0)	(29, 5.0)	(30, 28.0)	(31, 58.0)	(32, 31.0)	(33, 18.0)	(34, 50.0)	(35, 11.0)	(36, 5.0)	(37, 22.0)	(38, 66.0)	(39, 114.0)	(40, 723.0)	(41, 208.0)	(42, 875.0)	(43, 1751.0)	(44, 6158.0)	(45, 17003.0)	(46, 78062.0)	(47, 370203.0)	(48, 1010710.0)	(49, 3604249.0)	(50, 10373413.0)
SRR18306585_1	(28, 15616203.0)																						
SRR18306585_2	(28, 4174.0)	(29, 22.0)	(30, 20.0)	(31, 15.0)	(32, 17.0)	(33, 7.0)	(34, 19.0)	(35, 1.0)	(36, 2.0)	(37, 6.0)	(38, 48.0)	(39, 92.0)	(40, 691.0)	(41, 154.0)	(42, 819.0)	(43, 1790.0)	(44, 6196.0)	(45, 17069.0)	(46, 79947.0)	(47, 374879.0)	(48, 1028085.0)	(49, 3644408.0)	(50, 10457742.0)
SRR18306586_1	(28, 15459447.0)																						
SRR18306586_2	(28, 4782.0)	(29, 2.0)	(30, 12.0)	(31, 20.0)	(32, 7.0)	(33, 21.0)	(34, 13.0)	(35, 7.0)	(36, 3.0)	(37, 18.0)	(38, 55.0)	(39, 129.0)	(40, 690.0)	(41, 161.0)	(42, 857.0)	(43, 1803.0)	(44, 6227.0)	(45, 16875.0)	(46, 78649.0)	(47, 370938.0)	(48, 1017128.0)	(49, 3602692.0)	(50, 10358358.0)
SRR18306587_1	(28, 6052950.0)																						
SRR18306587_2	(28, 2976.0)	(29, 11.0)	(30, 4.0)	(31, 27.0)	(32, 25.0)	(33, 4.0)	(34, 35.0)	(35, 6.0)	(36, 2.0)	(37, 3.0)	(38, 28.0)	(39, 66.0)	(40, 263.0)	(41, 61.0)	(42, 326.0)	(43, 744.0)	(44, 2384.0)	(45, 6641.0)	(46, 31162.0)	(47, 144513.0)	(48, 401532.0)	(49, 1411300.0)	(50, 4050837.0)
SRR18306588_1	(28, 6008573.0)																						
SRR18306588_2	(28, 3285.0)	(29, 3.0)	(30, 18.0)	(31, 20.0)	(32, 12.0)	(33, 4.0)	(34, 20.0)	(35, 5.0)	(36, 2.0)	(37, 14.0)	(38, 33.0)	(39, 47.0)	(40, 277.0)	(41, 70.0)	(42, 305.0)	(43, 696.0)	(44, 2339.0)	(45, 6481.0)	(46, 30772.0)	(47, 143843.0)	(48, 396340.0)	(49, 1398051.0)	(50, 4025936.0)
SRR18306589_1	(28, 6061018.0)																						
SRR18306589_2	(28, 1695.0)	(29, 5.0)	(30, 6.0)	(31, 12.0)	(32, 5.0)	(33, 5.0)	(34, 6.0)	(35, 3.0)	(36, 3.0)	(37, 2.0)	(38, 25.0)	(39, 45.0)	(40, 244.0)	(41, 70.0)	(42, 324.0)	(43, 709.0)	(44, 2403.0)	(45, 6652.0)	(46, 31192.0)	(47, 145104.0)	(48, 402722.0)	(49, 1413849.0)	(50, 4055937.0)
SRR18306590_1	(28, 6006921.0)																						
SRR18306590_2	(28, 1815.0)	(29, 2.0)	(30, 12.0)	(31, 7.0)	(32, 4.0)	(33, 6.0)	(34, 4.0)	(35, 1.0)	(36, 1.0)	(37, 3.0)	(38, 18.0)	(39, 52.0)	(40, 252.0)	(41, 52.0)	(42, 353.0)	(43, 732.0)	(44, 2418.0)	(45, 6388.0)	(46, 30742.0)	(47, 144020.0)	(48, 397567.0)	(49, 1399843.0)	(50, 4022629.0)
SRR18306591_1	(28, 17406262.0)																						
SRR18306591_2	(28, 8632.0)	(29, 50.0)	(30, 28.0)	(31, 82.0)	(32, 95.0)	(33, 13.0)	(34, 97.0)	(35, 11.0)	(36, 1.0)	(37, 8.0)	(38, 82.0)	(39, 138.0)	(40, 778.0)	(41, 188.0)	(42, 955.0)	(43, 2057.0)	(44, 6958.0)	(45, 19075.0)	(46, 89110.0)	(47, 417968.0)	(48, 1153573.0)	(49, 4063261.0)	(50, 11643102.0)
