Sample	0	1	2	3	4	5	6	7	8	9	10	11	12	13	14	15	16	17	18	19	20	21	22	23	24	25	26	27	28	29	30	31	32	33	34	35	36	37	38	39	40	41	42	43	44	45	46	47	48	49
SRR18306560_1	(1, 21.60943859047057)	(2, 21.60943859047057)	(3, 21.60943859047057)	(4, 21.60943859047057)	(5, 21.60943859047057)	(6, 21.60943859047057)	(7, 21.60943859047057)	(8, 21.60943859047057)	(9, 21.60943859047057)	(10, 21.60943859047057)	(11, 21.60943859047057)	(12, 21.60943859047057)	(13, 21.60943859047057)	(14, 21.60943859047057)	(15, 21.60943859047057)	(16, 21.60943859047057)	(17, 21.60943859047057)	(18, 21.60943859047057)	(19, 21.60943859047057)	(20, 21.60943859047057)	(21, 21.60943859047057)	(22, 21.60943859047057)	(23, 21.60943859047057)	(24, 21.60943859047057)	(25, 21.60943859047057)	(26, 21.60943859047057)	(27, 21.60943859047057)	(28, 21.60943859047057)																						
SRR18306560_2	(1, 29.4875456109358)	(2, 29.4875456109358)	(3, 29.4875456109358)	(4, 29.4875456109358)	(5, 29.4875456109358)	(6, 29.4875456109358)	(7, 29.4875456109358)	(8, 29.4875456109358)	(9, 29.4875456109358)	(10, 29.4875456109358)	(11, 29.4875456109358)	(12, 29.4875456109358)	(13, 29.4875456109358)	(14, 29.4875456109358)	(15, 29.4875456109358)	(16, 29.4875456109358)	(17, 29.4875456109358)	(18, 29.4875456109358)	(19, 29.4875456109358)	(20, 29.4875456109358)	(21, 29.4875456109358)	(22, 29.4875456109358)	(23, 29.4875456109358)	(24, 29.4875456109358)	(25, 29.4875456109358)	(26, 29.4875456109358)	(27, 29.4875456109358)	(28, 29.4875456109358)	(29, 29.500749832948234)	(30, 29.500835277972403)	(31, 29.500870153650816)	(32, 29.500992219248147)	(33, 29.501129980344363)	(34, 29.501149162382752)	(35, 29.501278205908214)	(36, 29.50129735534547)	(37, 29.50130255405879)	(38, 29.501311207648797)	(39, 29.50135869010903)	(40, 29.50140371232294)	(41, 29.501428881563495)	(42, 29.501487530689843)	(43, 29.501526318522355)	(44, 29.501549326626407)	(45, 29.501467758821633)	(46, 29.501159571927634)	(47, 29.499572190168408)	(48, 29.491210902398265)	(49, 29.464474357781512)	(50, 29.411487359877942)
SRR18306561_1	(1, 21.61224530294993)	(2, 21.61224530294993)	(3, 21.61224530294993)	(4, 21.61224530294993)	(5, 21.61224530294993)	(6, 21.61224530294993)	(7, 21.61224530294993)	(8, 21.61224530294993)	(9, 21.61224530294993)	(10, 21.61224530294993)	(11, 21.61224530294993)	(12, 21.61224530294993)	(13, 21.61224530294993)	(14, 21.61224530294993)	(15, 21.61224530294993)	(16, 21.61224530294993)	(17, 21.61224530294993)	(18, 21.61224530294993)	(19, 21.61224530294993)	(20, 21.61224530294993)	(21, 21.61224530294993)	(22, 21.61224530294993)	(23, 21.61224530294993)	(24, 21.61224530294993)	(25, 21.61224530294993)	(26, 21.61224530294993)	(27, 21.61224530294993)	(28, 21.61224530294993)																						
SRR18306561_2	(1, 29.403127906446194)	(2, 29.403127906446194)	(3, 29.403127906446194)	(4, 29.403127906446194)	(5, 29.403127906446194)	(6, 29.403127906446194)	(7, 29.403127906446194)	(8, 29.403127906446194)	(9, 29.403127906446194)	(10, 29.403127906446194)	(11, 29.403127906446194)	(12, 29.403127906446194)	(13, 29.403127906446194)	(14, 29.403127906446194)	(15, 29.403127906446194)	(16, 29.403127906446194)	(17, 29.403127906446194)	(18, 29.403127906446194)	(19, 29.403127906446194)	(20, 29.403127906446194)	(21, 29.403127906446194)	(22, 29.403127906446194)	(23, 29.403127906446194)	(24, 29.403127906446194)	(25, 29.403127906446194)	(26, 29.403127906446194)	(27, 29.403127906446194)	(28, 29.403127906446194)	(29, 29.41743534505127)	(30, 29.41745322663509)	(31, 29.41750885838401)	(32, 29.417600253908756)	(33, 29.41764396503544)	(34, 29.417677741914233)	(35, 29.41778300306663)	(36, 29.417806845813143)	(37, 29.417824640329773)	(38, 29.417874269149014)	(39, 29.417907888337957)	(40, 29.417947266746566)	(41, 29.41799100030282)	(42, 29.41803618519527)	(43, 29.418068422688894)	(44, 29.418084177758807)	(45, 29.417964436894923)	(46, 29.417595311364497)	(47, 29.415793301752473)	(48, 29.406585471637488)	(49, 29.376746073088885)	(50, 29.311519983945022)
SRR18306562_1	(1, 21.612397891564335)	(2, 21.612397891564335)	(3, 21.612397891564335)	(4, 21.612397891564335)	(5, 21.612397891564335)	(6, 21.612397891564335)	(7, 21.612397891564335)	(8, 21.612397891564335)	(9, 21.612397891564335)	(10, 21.612397891564335)	(11, 21.612397891564335)	(12, 21.612397891564335)	(13, 21.612397891564335)	(14, 21.612397891564335)	(15, 21.612397891564335)	(16, 21.612397891564335)	(17, 21.612397891564335)	(18, 21.612397891564335)	(19, 21.612397891564335)	(20, 21.612397891564335)	(21, 21.612397891564335)	(22, 21.612397891564335)	(23, 21.612397891564335)	(24, 21.612397891564335)	(25, 21.612397891564335)	(26, 21.612397891564335)	(27, 21.612397891564335)	(28, 21.612397891564335)																						
SRR18306562_2	(1, 29.51123973697186)	(2, 29.51123973697186)	(3, 29.51123973697186)	(4, 29.51123973697186)	(5, 29.51123973697186)	(6, 29.51123973697186)	(7, 29.51123973697186)	(8, 29.51123973697186)	(9, 29.51123973697186)	(10, 29.51123973697186)	(11, 29.51123973697186)	(12, 29.51123973697186)	(13, 29.51123973697186)	(14, 29.51123973697186)	(15, 29.51123973697186)	(16, 29.51123973697186)	(17, 29.51123973697186)	(18, 29.51123973697186)	(19, 29.51123973697186)	(20, 29.51123973697186)	(21, 29.51123973697186)	(22, 29.51123973697186)	(23, 29.51123973697186)	(24, 29.51123973697186)	(25, 29.51123973697186)	(26, 29.51123973697186)	(27, 29.51123973697186)	(28, 29.51123973697186)	(29, 29.518348765466623)	(30, 29.51838238227549)	(31, 29.51840215690876)	(32, 29.518439728793215)	(33, 29.51848323321349)	(34, 29.51849905303807)	(35, 29.51851882784534)	(36, 29.51852476029327)	(37, 29.51852476029327)	(38, 29.518532598422027)	(39, 29.51853634081176)	(40, 29.518559825324907)	(41, 29.51857017646759)	(42, 29.51860099871134)	(43, 29.51860010873724)	(44, 29.518613581048978)	(45, 29.518536272079377)	(46, 29.51824026336158)	(47, 29.516574215901283)	(48, 29.508413864658188)	(49, 29.48259348319798)	(50, 29.43265084589924)
SRR18306563_1	(1, 21.617710682408553)	(2, 21.617710682408553)	(3, 21.617710682408553)	(4, 21.617710682408553)	(5, 21.617710682408553)	(6, 21.617710682408553)	(7, 21.617710682408553)	(8, 21.617710682408553)	(9, 21.617710682408553)	(10, 21.617710682408553)	(11, 21.617710682408553)	(12, 21.617710682408553)	(13, 21.617710682408553)	(14, 21.617710682408553)	(15, 21.617710682408553)	(16, 21.617710682408553)	(17, 21.617710682408553)	(18, 21.617710682408553)	(19, 21.617710682408553)	(20, 21.617710682408553)	(21, 21.617710682408553)	(22, 21.617710682408553)	(23, 21.617710682408553)	(24, 21.617710682408553)	(25, 21.617710682408553)	(26, 21.617710682408553)	(27, 21.617710682408553)	(28, 21.617710682408553)																						
SRR18306563_2	(1, 29.482129873493943)	(2, 29.482129873493943)	(3, 29.482129873493943)	(4, 29.482129873493943)	(5, 29.482129873493943)	(6, 29.482129873493943)	(7, 29.482129873493943)	(8, 29.482129873493943)	(9, 29.482129873493943)	(10, 29.482129873493943)	(11, 29.482129873493943)	(12, 29.482129873493943)	(13, 29.482129873493943)	(14, 29.482129873493943)	(15, 29.482129873493943)	(16, 29.482129873493943)	(17, 29.482129873493943)	(18, 29.482129873493943)	(19, 29.482129873493943)	(20, 29.482129873493943)	(21, 29.482129873493943)	(22, 29.482129873493943)	(23, 29.482129873493943)	(24, 29.482129873493943)	(25, 29.482129873493943)	(26, 29.482129873493943)	(27, 29.482129873493943)	(28, 29.482129873493943)	(29, 29.490217063373535)	(30, 29.490219056391567)	(31, 29.490238986588345)	(32, 29.490266888914217)	(33, 29.490274861018122)	(34, 29.490306749481718)	(35, 29.490316714642333)	(36, 29.49032667981045)	(37, 29.490330589188495)	(38, 29.490358338337185)	(39, 29.490360330557124)	(40, 29.490370102525244)	(41, 29.490397805728676)	(42, 29.490426513582378)	(43, 29.49044804825413)	(44, 29.49045857624131)	(45, 29.490359775534973)	(46, 29.490048118927433)	(47, 29.488437269969516)	(48, 29.480398816391855)	(49, 29.453607712369113)	(50, 29.4003322171611)
SRR18306564_1	(1, 21.610500461930194)	(2, 21.610500461930194)	(3, 21.610500461930194)	(4, 21.610500461930194)	(5, 21.610500461930194)	(6, 21.610500461930194)	(7, 21.610500461930194)	(8, 21.610500461930194)	(9, 21.610500461930194)	(10, 21.610500461930194)	(11, 21.610500461930194)	(12, 21.610500461930194)	(13, 21.610500461930194)	(14, 21.610500461930194)	(15, 21.610500461930194)	(16, 21.610500461930194)	(17, 21.610500461930194)	(18, 21.610500461930194)	(19, 21.610500461930194)	(20, 21.610500461930194)	(21, 21.610500461930194)	(22, 21.610500461930194)	(23, 21.610500461930194)	(24, 21.610500461930194)	(25, 21.610500461930194)	(26, 21.610500461930194)	(27, 21.610500461930194)	(28, 21.610500461930194)																						
SRR18306564_2	(1, 29.470168322855404)	(2, 29.470168322855404)	(3, 29.470168322855404)	(4, 29.470168322855404)	(5, 29.470168322855404)	(6, 29.470168322855404)	(7, 29.470168322855404)	(8, 29.470168322855404)	(9, 29.470168322855404)	(10, 29.470168322855404)	(11, 29.470168322855404)	(12, 29.470168322855404)	(13, 29.470168322855404)	(14, 29.470168322855404)	(15, 29.470168322855404)	(16, 29.470168322855404)	(17, 29.470168322855404)	(18, 29.470168322855404)	(19, 29.470168322855404)	(20, 29.470168322855404)	(21, 29.470168322855404)	(22, 29.470168322855404)	(23, 29.470168322855404)	(24, 29.470168322855404)	(25, 29.470168322855404)	(26, 29.470168322855404)	(27, 29.470168322855404)	(28, 29.470168322855404)	(29, 29.48335875981026)	(30, 29.483425099055797)	(31, 29.48346269144246)	(32, 29.483588737282442)	(33, 29.483747954795287)	(34, 29.48377449123355)	(35, 29.483913808406903)	(36, 29.483929288183308)	(37, 29.483931499581416)	(38, 29.483933710979894)	(39, 29.48395622662835)	(40, 29.48402154920256)	(41, 29.484046160775765)	(42, 29.484092201341987)	(43, 29.48414996565179)	(44, 29.484193770017125)	(45, 29.48411421014227)	(46, 29.483830865641227)	(47, 29.482077294499195)	(48, 29.473622302371872)	(49, 29.44615516280911)	(50, 29.392798058201937)
SRR18306565_1	(1, 21.617242990925774)	(2, 21.617242990925774)	(3, 21.617242990925774)	(4, 21.617242990925774)	(5, 21.617242990925774)	(6, 21.617242990925774)	(7, 21.617242990925774)	(8, 21.617242990925774)	(9, 21.617242990925774)	(10, 21.617242990925774)	(11, 21.617242990925774)	(12, 21.617242990925774)	(13, 21.617242990925774)	(14, 21.617242990925774)	(15, 21.617242990925774)	(16, 21.617242990925774)	(17, 21.617242990925774)	(18, 21.617242990925774)	(19, 21.617242990925774)	(20, 21.617242990925774)	(21, 21.617242990925774)	(22, 21.617242990925774)	(23, 21.617242990925774)	(24, 21.617242990925774)	(25, 21.617242990925774)	(26, 21.617242990925774)	(27, 21.617242990925774)	(28, 21.617242990925774)																						
SRR18306565_2	(1, 29.3943131978574)	(2, 29.3943131978574)	(3, 29.3943131978574)	(4, 29.3943131978574)	(5, 29.3943131978574)	(6, 29.3943131978574)	(7, 29.3943131978574)	(8, 29.3943131978574)	(9, 29.3943131978574)	(10, 29.3943131978574)	(11, 29.3943131978574)	(12, 29.3943131978574)	(13, 29.3943131978574)	(14, 29.3943131978574)	(15, 29.3943131978574)	(16, 29.3943131978574)	(17, 29.3943131978574)	(18, 29.3943131978574)	(19, 29.3943131978574)	(20, 29.3943131978574)	(21, 29.3943131978574)	(22, 29.3943131978574)	(23, 29.3943131978574)	(24, 29.3943131978574)	(25, 29.3943131978574)	(26, 29.3943131978574)	(27, 29.3943131978574)	(28, 29.3943131978574)	(29, 29.40859086634239)	(30, 29.40860199377488)	(31, 29.408659856574975)	(32, 29.408773357419353)	(33, 29.40882009334473)	(34, 29.408849025190953)	(35, 29.408913565691734)	(36, 29.408940272198127)	(37, 29.408955851018465)	(38, 29.4089980368701)	(39, 29.40903847980301)	(40, 29.40907718015039)	(41, 29.409117740111547)	(42, 29.409200743846892)	(43, 29.40926990625716)	(44, 29.40929467278333)	(45, 29.40916207816455)	(46, 29.408786939879434)	(47, 29.406919044934597)	(48, 29.39754669308669)	(49, 29.36794995257585)	(50, 29.303122887423083)
SRR18306566_1	(1, 21.61823555325739)	(2, 21.61823555325739)	(3, 21.61823555325739)	(4, 21.61823555325739)	(5, 21.61823555325739)	(6, 21.61823555325739)	(7, 21.61823555325739)	(8, 21.61823555325739)	(9, 21.61823555325739)	(10, 21.61823555325739)	(11, 21.61823555325739)	(12, 21.61823555325739)	(13, 21.61823555325739)	(14, 21.61823555325739)	(15, 21.61823555325739)	(16, 21.61823555325739)	(17, 21.61823555325739)	(18, 21.61823555325739)	(19, 21.61823555325739)	(20, 21.61823555325739)	(21, 21.61823555325739)	(22, 21.61823555325739)	(23, 21.61823555325739)	(24, 21.61823555325739)	(25, 21.61823555325739)	(26, 21.61823555325739)	(27, 21.61823555325739)	(28, 21.61823555325739)																						
SRR18306566_2	(1, 29.483456576280165)	(2, 29.483456576280165)	(3, 29.483456576280165)	(4, 29.483456576280165)	(5, 29.483456576280165)	(6, 29.483456576280165)	(7, 29.483456576280165)	(8, 29.483456576280165)	(9, 29.483456576280165)	(10, 29.483456576280165)	(11, 29.483456576280165)	(12, 29.483456576280165)	(13, 29.483456576280165)	(14, 29.483456576280165)	(15, 29.483456576280165)	(16, 29.483456576280165)	(17, 29.483456576280165)	(18, 29.483456576280165)	(19, 29.483456576280165)	(20, 29.483456576280165)	(21, 29.483456576280165)	(22, 29.483456576280165)	(23, 29.483456576280165)	(24, 29.483456576280165)	(25, 29.483456576280165)	(26, 29.483456576280165)	(27, 29.483456576280165)	(28, 29.483456576280165)	(29, 29.490589408336252)	(30, 29.4906269713513)	(31, 29.490640228911456)	(32, 29.490664534472877)	(33, 29.490688840078896)	(34, 29.490697678492143)	(35, 29.490717564943516)	(36, 29.490717564943516)	(37, 29.49072640337593)	(38, 29.490730737637367)	(39, 29.490731205630574)	(40, 29.49074280749624)	(41, 29.4907575621709)	(42, 29.49078569622002)	(43, 29.49077992968042)	(44, 29.490772943244508)	(45, 29.4906569447244)	(46, 29.490349516855478)	(47, 29.48858946830339)	(48, 29.47989343765693)	(49, 29.452989030821506)	(50, 29.400627217151843)
SRR18306567_1	(1, 21.61454336294218)	(2, 21.61454336294218)	(3, 21.61454336294218)	(4, 21.61454336294218)	(5, 21.61454336294218)	(6, 21.61454336294218)	(7, 21.61454336294218)	(8, 21.61454336294218)	(9, 21.61454336294218)	(10, 21.61454336294218)	(11, 21.61454336294218)	(12, 21.61454336294218)	(13, 21.61454336294218)	(14, 21.61454336294218)	(15, 21.61454336294218)	(16, 21.61454336294218)	(17, 21.61454336294218)	(18, 21.61454336294218)	(19, 21.61454336294218)	(20, 21.61454336294218)	(21, 21.61454336294218)	(22, 21.61454336294218)	(23, 21.61454336294218)	(24, 21.61454336294218)	(25, 21.61454336294218)	(26, 21.61454336294218)	(27, 21.61454336294218)	(28, 21.61454336294218)																						
SRR18306567_2	(1, 29.473766693721444)	(2, 29.473766693721444)	(3, 29.473766693721444)	(4, 29.473766693721444)	(5, 29.473766693721444)	(6, 29.473766693721444)	(7, 29.473766693721444)	(8, 29.473766693721444)	(9, 29.473766693721444)	(10, 29.473766693721444)	(11, 29.473766693721444)	(12, 29.473766693721444)	(13, 29.473766693721444)	(14, 29.473766693721444)	(15, 29.473766693721444)	(16, 29.473766693721444)	(17, 29.473766693721444)	(18, 29.473766693721444)	(19, 29.473766693721444)	(20, 29.473766693721444)	(21, 29.473766693721444)	(22, 29.473766693721444)	(23, 29.473766693721444)	(24, 29.473766693721444)	(25, 29.473766693721444)	(26, 29.473766693721444)	(27, 29.473766693721444)	(28, 29.473766693721444)	(29, 29.48182157581767)	(30, 29.48182826055348)	(31, 29.48186391253482)	(32, 29.481881738561484)	(33, 29.481895108097234)	(34, 29.481919618947835)	(35, 29.481944129843807)	(36, 29.481950814641493)	(37, 29.481959684120927)	(38, 29.481993021011935)	(39, 29.48200464723545)	(40, 29.482015581640795)	(41, 29.482027835283866)	(42, 29.482055159833152)	(43, 29.482066032869163)	(44, 29.482064491693933)	(45, 29.481927243187428)	(46, 29.481588792585164)	(47, 29.479942263074033)	(48, 29.471638131674162)	(49, 29.444622077164286)	(50, 29.39245926833644)
SRR18306568_1	(1, 21.614288049361512)	(2, 21.614288049361512)	(3, 21.614288049361512)	(4, 21.614288049361512)	(5, 21.614288049361512)	(6, 21.614288049361512)	(7, 21.614288049361512)	(8, 21.614288049361512)	(9, 21.614288049361512)	(10, 21.614288049361512)	(11, 21.614288049361512)	(12, 21.614288049361512)	(13, 21.614288049361512)	(14, 21.614288049361512)	(15, 21.614288049361512)	(16, 21.614288049361512)	(17, 21.614288049361512)	(18, 21.614288049361512)	(19, 21.614288049361512)	(20, 21.614288049361512)	(21, 21.614288049361512)	(22, 21.614288049361512)	(23, 21.614288049361512)	(24, 21.614288049361512)	(25, 21.614288049361512)	(26, 21.614288049361512)	(27, 21.614288049361512)	(28, 21.614288049361512)																						
SRR18306568_2	(1, 29.398284614479223)	(2, 29.398284614479223)	(3, 29.398284614479223)	(4, 29.398284614479223)	(5, 29.398284614479223)	(6, 29.398284614479223)	(7, 29.398284614479223)	(8, 29.398284614479223)	(9, 29.398284614479223)	(10, 29.398284614479223)	(11, 29.398284614479223)	(12, 29.398284614479223)	(13, 29.398284614479223)	(14, 29.398284614479223)	(15, 29.398284614479223)	(16, 29.398284614479223)	(17, 29.398284614479223)	(18, 29.398284614479223)	(19, 29.398284614479223)	(20, 29.398284614479223)	(21, 29.398284614479223)	(22, 29.398284614479223)	(23, 29.398284614479223)	(24, 29.398284614479223)	(25, 29.398284614479223)	(26, 29.398284614479223)	(27, 29.398284614479223)	(28, 29.398284614479223)	(29, 29.412767296523835)	(30, 29.412786572980426)	(31, 29.412833888038616)	(32, 29.412932023514532)	(33, 29.412991606123548)	(34, 29.413031912158548)	(35, 29.413100257455557)	(36, 29.41313001016846)	(37, 29.413136981041717)	(38, 29.413187724413554)	(39, 29.4132258119735)	(40, 29.413249024240038)	(41, 29.41327855486331)	(42, 29.413335730883407)	(43, 29.413375438230478)	(44, 29.413414940884852)	(45, 29.413309674946593)	(46, 29.41297778636743)	(47, 29.411029219938268)	(48, 29.402034565417434)	(49, 29.372017348808583)	(50, 29.305687829224464)
SRR18306569_1	(1, 21.608759505124503)	(2, 21.608759505124503)	(3, 21.608759505124503)	(4, 21.608759505124503)	(5, 21.608759505124503)	(6, 21.608759505124503)	(7, 21.608759505124503)	(8, 21.608759505124503)	(9, 21.608759505124503)	(10, 21.608759505124503)	(11, 21.608759505124503)	(12, 21.608759505124503)	(13, 21.608759505124503)	(14, 21.608759505124503)	(15, 21.608759505124503)	(16, 21.608759505124503)	(17, 21.608759505124503)	(18, 21.608759505124503)	(19, 21.608759505124503)	(20, 21.608759505124503)	(21, 21.608759505124503)	(22, 21.608759505124503)	(23, 21.608759505124503)	(24, 21.608759505124503)	(25, 21.608759505124503)	(26, 21.608759505124503)	(27, 21.608759505124503)	(28, 21.608759505124503)																						
SRR18306569_2	(1, 29.5013293138844)	(2, 29.5013293138844)	(3, 29.5013293138844)	(4, 29.5013293138844)	(5, 29.5013293138844)	(6, 29.5013293138844)	(7, 29.5013293138844)	(8, 29.5013293138844)	(9, 29.5013293138844)	(10, 29.5013293138844)	(11, 29.5013293138844)	(12, 29.5013293138844)	(13, 29.5013293138844)	(14, 29.5013293138844)	(15, 29.5013293138844)	(16, 29.5013293138844)	(17, 29.5013293138844)	(18, 29.5013293138844)	(19, 29.5013293138844)	(20, 29.5013293138844)	(21, 29.5013293138844)	(22, 29.5013293138844)	(23, 29.5013293138844)	(24, 29.5013293138844)	(25, 29.5013293138844)	(26, 29.5013293138844)	(27, 29.5013293138844)	(28, 29.5013293138844)	(29, 29.50850069605157)	(30, 29.508545964670667)	(31, 29.508573822359267)	(32, 29.508591233444374)	(33, 29.50861735011492)	(34, 29.50862953791212)	(35, 29.508657395776375)	(36, 29.50867132473046)	(37, 29.508674806971268)	(38, 29.508674774700456)	(39, 29.50867644978268)	(40, 29.50868270139581)	(41, 29.50867432959654)	(42, 29.508702959591524)	(43, 29.50871431980733)	(44, 29.508715369581655)	(45, 29.50863698012692)	(46, 29.50833391065849)	(47, 29.50665070123698)	(48, 29.498329030022354)	(49, 29.47209958864203)	(50, 29.421531268868538)
SRR18306570_1	(1, 21.611914044477253)	(2, 21.611914044477253)	(3, 21.611914044477253)	(4, 21.611914044477253)	(5, 21.611914044477253)	(6, 21.611914044477253)	(7, 21.611914044477253)	(8, 21.611914044477253)	(9, 21.611914044477253)	(10, 21.611914044477253)	(11, 21.611914044477253)	(12, 21.611914044477253)	(13, 21.611914044477253)	(14, 21.611914044477253)	(15, 21.611914044477253)	(16, 21.611914044477253)	(17, 21.611914044477253)	(18, 21.611914044477253)	(19, 21.611914044477253)	(20, 21.611914044477253)	(21, 21.611914044477253)	(22, 21.611914044477253)	(23, 21.611914044477253)	(24, 21.611914044477253)	(25, 21.611914044477253)	(26, 21.611914044477253)	(27, 21.611914044477253)	(28, 21.611914044477253)																						
SRR18306570_2	(1, 29.48066927480248)	(2, 29.48066927480248)	(3, 29.48066927480248)	(4, 29.48066927480248)	(5, 29.48066927480248)	(6, 29.48066927480248)	(7, 29.48066927480248)	(8, 29.48066927480248)	(9, 29.48066927480248)	(10, 29.48066927480248)	(11, 29.48066927480248)	(12, 29.48066927480248)	(13, 29.48066927480248)	(14, 29.48066927480248)	(15, 29.48066927480248)	(16, 29.48066927480248)	(17, 29.48066927480248)	(18, 29.48066927480248)	(19, 29.48066927480248)	(20, 29.48066927480248)	(21, 29.48066927480248)	(22, 29.48066927480248)	(23, 29.48066927480248)	(24, 29.48066927480248)	(25, 29.48066927480248)	(26, 29.48066927480248)	(27, 29.48066927480248)	(28, 29.48066927480248)	(29, 29.488600874753747)	(30, 29.488600874753747)	(31, 29.488630734779917)	(32, 29.488650056009195)	(33, 29.488655325440256)	(34, 29.488688698552313)	(35, 29.48871153283533)	(36, 29.488722071748462)	(37, 29.48873261066998)	(38, 29.488760612799595)	(39, 29.48876607935191)	(40, 29.488771404032377)	(41, 29.48879101121688)	(42, 29.48882254384537)	(43, 29.48883976964017)	(44, 29.48882268142357)	(45, 29.48871302081398)	(46, 29.488381491210344)	(47, 29.486676040704435)	(48, 29.478638175029882)	(49, 29.45176811132352)	(50, 29.399790493791613)
SRR18306571_1	(1, 21.61549261411073)	(2, 21.61549261411073)	(3, 21.61549261411073)	(4, 21.61549261411073)	(5, 21.61549261411073)	(6, 21.61549261411073)	(7, 21.61549261411073)	(8, 21.61549261411073)	(9, 21.61549261411073)	(10, 21.61549261411073)	(11, 21.61549261411073)	(12, 21.61549261411073)	(13, 21.61549261411073)	(14, 21.61549261411073)	(15, 21.61549261411073)	(16, 21.61549261411073)	(17, 21.61549261411073)	(18, 21.61549261411073)	(19, 21.61549261411073)	(20, 21.61549261411073)	(21, 21.61549261411073)	(22, 21.61549261411073)	(23, 21.61549261411073)	(24, 21.61549261411073)	(25, 21.61549261411073)	(26, 21.61549261411073)	(27, 21.61549261411073)	(28, 21.61549261411073)																						
SRR18306571_2	(1, 29.492953765382968)	(2, 29.492953765382968)	(3, 29.492953765382968)	(4, 29.492953765382968)	(5, 29.492953765382968)	(6, 29.492953765382968)	(7, 29.492953765382968)	(8, 29.492953765382968)	(9, 29.492953765382968)	(10, 29.492953765382968)	(11, 29.492953765382968)	(12, 29.492953765382968)	(13, 29.492953765382968)	(14, 29.492953765382968)	(15, 29.492953765382968)	(16, 29.492953765382968)	(17, 29.492953765382968)	(18, 29.492953765382968)	(19, 29.492953765382968)	(20, 29.492953765382968)	(21, 29.492953765382968)	(22, 29.492953765382968)	(23, 29.492953765382968)	(24, 29.492953765382968)	(25, 29.492953765382968)	(26, 29.492953765382968)	(27, 29.492953765382968)	(28, 29.492953765382968)	(29, 29.505926209972117)	(30, 29.505969909696116)	(31, 29.50600075664687)	(32, 29.506126715774272)	(33, 29.5062321110661)	(34, 29.5062680998943)	(35, 29.50637863762053)	(36, 29.506394061562602)	(37, 29.50639663222136)	(38, 29.506406866991416)	(39, 29.506433229596958)	(40, 29.506475768494102)	(41, 29.50648873641407)	(42, 29.506550170057388)	(43, 29.506608019247032)	(44, 29.50665023094185)	(45, 29.50658612041586)	(46, 29.506321256388503)	(47, 29.504708525191877)	(48, 29.496340260018297)	(49, 29.46996710199411)	(50, 29.418621566322553)
SRR18306572_1	(1, 21.622435236359784)	(2, 21.622435236359784)	(3, 21.622435236359784)	(4, 21.622435236359784)	(5, 21.622435236359784)	(6, 21.622435236359784)	(7, 21.622435236359784)	(8, 21.622435236359784)	(9, 21.622435236359784)	(10, 21.622435236359784)	(11, 21.622435236359784)	(12, 21.622435236359784)	(13, 21.622435236359784)	(14, 21.622435236359784)	(15, 21.622435236359784)	(16, 21.622435236359784)	(17, 21.622435236359784)	(18, 21.622435236359784)	(19, 21.622435236359784)	(20, 21.622435236359784)	(21, 21.622435236359784)	(22, 21.622435236359784)	(23, 21.622435236359784)	(24, 21.622435236359784)	(25, 21.622435236359784)	(26, 21.622435236359784)	(27, 21.622435236359784)	(28, 21.622435236359784)																						
SRR18306572_2	(1, 29.42719041219496)	(2, 29.42719041219496)	(3, 29.42719041219496)	(4, 29.42719041219496)	(5, 29.42719041219496)	(6, 29.42719041219496)	(7, 29.42719041219496)	(8, 29.42719041219496)	(9, 29.42719041219496)	(10, 29.42719041219496)	(11, 29.42719041219496)	(12, 29.42719041219496)	(13, 29.42719041219496)	(14, 29.42719041219496)	(15, 29.42719041219496)	(16, 29.42719041219496)	(17, 29.42719041219496)	(18, 29.42719041219496)	(19, 29.42719041219496)	(20, 29.42719041219496)	(21, 29.42719041219496)	(22, 29.42719041219496)	(23, 29.42719041219496)	(24, 29.42719041219496)	(25, 29.42719041219496)	(26, 29.42719041219496)	(27, 29.42719041219496)	(28, 29.42719041219496)	(29, 29.44158420545159)	(30, 29.441607467262546)	(31, 29.441651406350466)	(32, 29.44176513172673)	(33, 29.441842672316884)	(34, 29.441865934582612)	(35, 29.441956399338423)	(36, 29.441974437816516)	(37, 29.44198213743198)	(38, 29.442015738856774)	(39, 29.4420501798183)	(40, 29.442066276524915)	(41, 29.44212365285512)	(42, 29.44216197953876)	(43, 29.442228931493478)	(44, 29.442264876861422)	(45, 29.44217271521909)	(46, 29.441797971438458)	(47, 29.440026871425328)	(48, 29.430916202757334)	(49, 29.40188223037288)	(50, 29.339589431034536)
SRR18306573_1	(1, 21.609344826080598)	(2, 21.609344826080598)	(3, 21.609344826080598)	(4, 21.609344826080598)	(5, 21.609344826080598)	(6, 21.609344826080598)	(7, 21.609344826080598)	(8, 21.609344826080598)	(9, 21.609344826080598)	(10, 21.609344826080598)	(11, 21.609344826080598)	(12, 21.609344826080598)	(13, 21.609344826080598)	(14, 21.609344826080598)	(15, 21.609344826080598)	(16, 21.609344826080598)	(17, 21.609344826080598)	(18, 21.609344826080598)	(19, 21.609344826080598)	(20, 21.609344826080598)	(21, 21.609344826080598)	(22, 21.609344826080598)	(23, 21.609344826080598)	(24, 21.609344826080598)	(25, 21.609344826080598)	(26, 21.609344826080598)	(27, 21.609344826080598)	(28, 21.609344826080598)																						
SRR18306573_2	(1, 29.50751284153119)	(2, 29.50751284153119)	(3, 29.50751284153119)	(4, 29.50751284153119)	(5, 29.50751284153119)	(6, 29.50751284153119)	(7, 29.50751284153119)	(8, 29.50751284153119)	(9, 29.50751284153119)	(10, 29.50751284153119)	(11, 29.50751284153119)	(12, 29.50751284153119)	(13, 29.50751284153119)	(14, 29.50751284153119)	(15, 29.50751284153119)	(16, 29.50751284153119)	(17, 29.50751284153119)	(18, 29.50751284153119)	(19, 29.50751284153119)	(20, 29.50751284153119)	(21, 29.50751284153119)	(22, 29.50751284153119)	(23, 29.50751284153119)	(24, 29.50751284153119)	(25, 29.50751284153119)	(26, 29.50751284153119)	(27, 29.50751284153119)	(28, 29.50751284153119)	(29, 29.514479540776144)	(30, 29.514505217036202)	(31, 29.514530893345988)	(32, 29.514564272623055)	(33, 29.51459251669237)	(34, 29.51461305787149)	(35, 29.514659275640867)	(36, 29.51466441095852)	(37, 29.51466697861809)	(38, 29.51467206693994)	(39, 29.51468073965707)	(40, 29.514707839099955)	(41, 29.51470035791039)	(42, 29.51472114844046)	(43, 29.514719833336805)	(44, 29.51472142916784)	(45, 29.514631435429372)	(46, 29.514372765645394)	(47, 29.512759754015402)	(48, 29.504392934296867)	(49, 29.47820400752193)	(50, 29.427670450993848)
SRR18306574_1	(1, 21.61740905881245)	(2, 21.61740905881245)	(3, 21.61740905881245)	(4, 21.61740905881245)	(5, 21.61740905881245)	(6, 21.61740905881245)	(7, 21.61740905881245)	(8, 21.61740905881245)	(9, 21.61740905881245)	(10, 21.61740905881245)	(11, 21.61740905881245)	(12, 21.61740905881245)	(13, 21.61740905881245)	(14, 21.61740905881245)	(15, 21.61740905881245)	(16, 21.61740905881245)	(17, 21.61740905881245)	(18, 21.61740905881245)	(19, 21.61740905881245)	(20, 21.61740905881245)	(21, 21.61740905881245)	(22, 21.61740905881245)	(23, 21.61740905881245)	(24, 21.61740905881245)	(25, 21.61740905881245)	(26, 21.61740905881245)	(27, 21.61740905881245)	(28, 21.61740905881245)																						
SRR18306574_2	(1, 29.499450763684916)	(2, 29.499450763684916)	(3, 29.499450763684916)	(4, 29.499450763684916)	(5, 29.499450763684916)	(6, 29.499450763684916)	(7, 29.499450763684916)	(8, 29.499450763684916)	(9, 29.499450763684916)	(10, 29.499450763684916)	(11, 29.499450763684916)	(12, 29.499450763684916)	(13, 29.499450763684916)	(14, 29.499450763684916)	(15, 29.499450763684916)	(16, 29.499450763684916)	(17, 29.499450763684916)	(18, 29.499450763684916)	(19, 29.499450763684916)	(20, 29.499450763684916)	(21, 29.499450763684916)	(22, 29.499450763684916)	(23, 29.499450763684916)	(24, 29.499450763684916)	(25, 29.499450763684916)	(26, 29.499450763684916)	(27, 29.499450763684916)	(28, 29.499450763684916)	(29, 29.507527685212512)	(30, 29.50754062465403)	(31, 29.507558739893376)	(32, 29.50758461884968)	(33, 29.50759755834678)	(34, 29.507631201098363)	(35, 29.507657080196154)	(36, 29.507670019763996)	(37, 29.507677783510765)	(38, 29.50769321489112)	(39, 29.507694312848262)	(40, 29.50771126746469)	(41, 29.507738612297675)	(42, 29.507790600469473)	(43, 29.507809746953985)	(44, 29.50781197815818)	(45, 29.507712974931206)	(46, 29.50738913124838)	(47, 29.505781842293878)	(48, 29.497676693075963)	(49, 29.471609120824898)	(50, 29.421286879128324)
SRR18306575_1	(1, 21.61936308938233)	(2, 21.61936308938233)	(3, 21.61936308938233)	(4, 21.61936308938233)	(5, 21.61936308938233)	(6, 21.61936308938233)	(7, 21.61936308938233)	(8, 21.61936308938233)	(9, 21.61936308938233)	(10, 21.61936308938233)	(11, 21.61936308938233)	(12, 21.61936308938233)	(13, 21.61936308938233)	(14, 21.61936308938233)	(15, 21.61936308938233)	(16, 21.61936308938233)	(17, 21.61936308938233)	(18, 21.61936308938233)	(19, 21.61936308938233)	(20, 21.61936308938233)	(21, 21.61936308938233)	(22, 21.61936308938233)	(23, 21.61936308938233)	(24, 21.61936308938233)	(25, 21.61936308938233)	(26, 21.61936308938233)	(27, 21.61936308938233)	(28, 21.61936308938233)																						
SRR18306575_2	(1, 29.493315792372456)	(2, 29.493315792372456)	(3, 29.493315792372456)	(4, 29.493315792372456)	(5, 29.493315792372456)	(6, 29.493315792372456)	(7, 29.493315792372456)	(8, 29.493315792372456)	(9, 29.493315792372456)	(10, 29.493315792372456)	(11, 29.493315792372456)	(12, 29.493315792372456)	(13, 29.493315792372456)	(14, 29.493315792372456)	(15, 29.493315792372456)	(16, 29.493315792372456)	(17, 29.493315792372456)	(18, 29.493315792372456)	(19, 29.493315792372456)	(20, 29.493315792372456)	(21, 29.493315792372456)	(22, 29.493315792372456)	(23, 29.493315792372456)	(24, 29.493315792372456)	(25, 29.493315792372456)	(26, 29.493315792372456)	(27, 29.493315792372456)	(28, 29.493315792372456)	(29, 29.506561660976296)	(30, 29.506644786181425)	(31, 29.506688328163616)	(32, 29.506828850991024)	(33, 29.506919894744993)	(34, 29.506937707726532)	(35, 29.50706632094191)	(36, 29.50708611336527)	(37, 29.50709205109804)	(38, 29.507101836913304)	(39, 29.507129648746254)	(40, 29.507169328588727)	(41, 29.507195142031147)	(42, 29.50723786391781)	(43, 29.50728009280522)	(44, 29.507303656533654)	(45, 29.507252567664267)	(46, 29.506970900652213)	(47, 29.505310331156863)	(48, 29.497216146068038)	(49, 29.470952047148998)	(50, 29.41827419540459)
SRR18306576_1	(1, 21.639665127520203)	(2, 21.639665127520203)	(3, 21.639665127520203)	(4, 21.639665127520203)	(5, 21.639665127520203)	(6, 21.639665127520203)	(7, 21.639665127520203)	(8, 21.639665127520203)	(9, 21.639665127520203)	(10, 21.639665127520203)	(11, 21.639665127520203)	(12, 21.639665127520203)	(13, 21.639665127520203)	(14, 21.639665127520203)	(15, 21.639665127520203)	(16, 21.639665127520203)	(17, 21.639665127520203)	(18, 21.639665127520203)	(19, 21.639665127520203)	(20, 21.639665127520203)	(21, 21.639665127520203)	(22, 21.639665127520203)	(23, 21.639665127520203)	(24, 21.639665127520203)	(25, 21.639665127520203)	(26, 21.639665127520203)	(27, 21.639665127520203)	(28, 21.639665127520203)																						
SRR18306577_1	(1, 21.644809121867297)	(2, 21.644809121867297)	(3, 21.644809121867297)	(4, 21.644809121867297)	(5, 21.644809121867297)	(6, 21.644809121867297)	(7, 21.644809121867297)	(8, 21.644809121867297)	(9, 21.644809121867297)	(10, 21.644809121867297)	(11, 21.644809121867297)	(12, 21.644809121867297)	(13, 21.644809121867297)	(14, 21.644809121867297)	(15, 21.644809121867297)	(16, 21.644809121867297)	(17, 21.644809121867297)	(18, 21.644809121867297)	(19, 21.644809121867297)	(20, 21.644809121867297)	(21, 21.644809121867297)	(22, 21.644809121867297)	(23, 21.644809121867297)	(24, 21.644809121867297)	(25, 21.644809121867297)	(26, 21.644809121867297)	(27, 21.644809121867297)	(28, 21.644809121867297)																						
SRR18306577_2	(1, 29.466452638709182)	(2, 29.466452638709182)	(3, 29.466452638709182)	(4, 29.466452638709182)	(5, 29.466452638709182)	(6, 29.466452638709182)	(7, 29.466452638709182)	(8, 29.466452638709182)	(9, 29.466452638709182)	(10, 29.466452638709182)	(11, 29.466452638709182)	(12, 29.466452638709182)	(13, 29.466452638709182)	(14, 29.466452638709182)	(15, 29.466452638709182)	(16, 29.466452638709182)	(17, 29.466452638709182)	(18, 29.466452638709182)	(19, 29.466452638709182)	(20, 29.466452638709182)	(21, 29.466452638709182)	(22, 29.466452638709182)	(23, 29.466452638709182)	(24, 29.466452638709182)	(25, 29.466452638709182)	(26, 29.466452638709182)	(27, 29.466452638709182)	(28, 29.466452638709182)	(29, 29.48090692207126)	(30, 29.480919204180875)	(31, 29.480956050578087)	(32, 29.481038955346722)	(33, 29.481098831335796)	(34, 29.481138748812274)	(35, 29.481226260624126)	(36, 29.481249260068832)	(37, 29.481256936584938)	(38, 29.481313682798568)	(39, 29.48134689008156)	(40, 29.481390456034013)	(41, 29.481457801697818)	(42, 29.48153750020511)	(43, 29.48160962149075)	(44, 29.481623869840725)	(45, 29.48152477543985)	(46, 29.481181435069665)	(47, 29.479557181431897)	(48, 29.471150748909256)	(49, 29.44553837747755)	(50, 29.388823817839384)
SRR18306578_2	(1, 29.56235066403159)	(2, 29.56235066403159)	(3, 29.56235066403159)	(4, 29.56235066403159)	(5, 29.56235066403159)	(6, 29.56235066403159)	(7, 29.56235066403159)	(8, 29.56235066403159)	(9, 29.56235066403159)	(10, 29.56235066403159)	(11, 29.56235066403159)	(12, 29.56235066403159)	(13, 29.56235066403159)	(14, 29.56235066403159)	(15, 29.56235066403159)	(16, 29.56235066403159)	(17, 29.56235066403159)	(18, 29.56235066403159)	(19, 29.56235066403159)	(20, 29.56235066403159)	(21, 29.56235066403159)	(22, 29.56235066403159)	(23, 29.56235066403159)	(24, 29.56235066403159)	(25, 29.56235066403159)	(26, 29.56235066403159)	(27, 29.56235066403159)	(28, 29.56235066403159)	(29, 29.569467664289334)	(30, 29.569507307009875)	(31, 29.56954542512196)	(32, 29.569578969151063)	(33, 29.569612513264865)	(34, 29.56962166167424)	(35, 29.569633859563204)	(36, 29.569639933815047)	(37, 29.569646032766872)	(38, 29.56965205763303)	(39, 29.56965974902381)	(40, 29.56967053300997)	(41, 29.569674864672812)	(42, 29.569699761636148)	(43, 29.569708940868736)	(44, 29.569727049197407)	(45, 29.569644342339277)	(46, 29.569377636435263)	(47, 29.567936160420604)	(48, 29.560606780976652)	(49, 29.538642353457558)	(50, 29.496033651794573)
SRR18306579_1	(1, 21.635661701747527)	(2, 21.635661701747527)	(3, 21.635661701747527)	(4, 21.635661701747527)	(5, 21.635661701747527)	(6, 21.635661701747527)	(7, 21.635661701747527)	(8, 21.635661701747527)	(9, 21.635661701747527)	(10, 21.635661701747527)	(11, 21.635661701747527)	(12, 21.635661701747527)	(13, 21.635661701747527)	(14, 21.635661701747527)	(15, 21.635661701747527)	(16, 21.635661701747527)	(17, 21.635661701747527)	(18, 21.635661701747527)	(19, 21.635661701747527)	(20, 21.635661701747527)	(21, 21.635661701747527)	(22, 21.635661701747527)	(23, 21.635661701747527)	(24, 21.635661701747527)	(25, 21.635661701747527)	(26, 21.635661701747527)	(27, 21.635661701747527)	(28, 21.635661701747527)																						
SRR18306579_2	(1, 29.552826544215602)	(2, 29.552826544215602)	(3, 29.552826544215602)	(4, 29.552826544215602)	(5, 29.552826544215602)	(6, 29.552826544215602)	(7, 29.552826544215602)	(8, 29.552826544215602)	(9, 29.552826544215602)	(10, 29.552826544215602)	(11, 29.552826544215602)	(12, 29.552826544215602)	(13, 29.552826544215602)	(14, 29.552826544215602)	(15, 29.552826544215602)	(16, 29.552826544215602)	(17, 29.552826544215602)	(18, 29.552826544215602)	(19, 29.552826544215602)	(20, 29.552826544215602)	(21, 29.552826544215602)	(22, 29.552826544215602)	(23, 29.552826544215602)	(24, 29.552826544215602)	(25, 29.552826544215602)	(26, 29.552826544215602)	(27, 29.552826544215602)	(28, 29.552826544215602)	(29, 29.56079864106567)	(30, 29.560806336966717)	(31, 29.560829424696617)	(32, 29.560857130025482)	(33, 29.560866365147948)	(34, 29.56088637460199)	(35, 29.560900227318598)	(36, 29.56091097621872)	(37, 29.560920211379173)	(38, 29.560943222978885)	(39, 29.56095093159895)	(40, 29.560965611192955)	(41, 29.560980087687568)	(42, 29.561008494898836)	(43, 29.561026511206954)	(44, 29.561031530283753)	(45, 29.560966661461418)	(46, 29.56070009928325)	(47, 29.55927850616072)	(48, 29.552232632242447)	(49, 29.530448991211653)	(50, 29.48846902246783)
SRR18306580_1	(1, 21.6387473478048)	(2, 21.6387473478048)	(3, 21.6387473478048)	(4, 21.6387473478048)	(5, 21.6387473478048)	(6, 21.6387473478048)	(7, 21.6387473478048)	(8, 21.6387473478048)	(9, 21.6387473478048)	(10, 21.6387473478048)	(11, 21.6387473478048)	(12, 21.6387473478048)	(13, 21.6387473478048)	(14, 21.6387473478048)	(15, 21.6387473478048)	(16, 21.6387473478048)	(17, 21.6387473478048)	(18, 21.6387473478048)	(19, 21.6387473478048)	(20, 21.6387473478048)	(21, 21.6387473478048)	(22, 21.6387473478048)	(23, 21.6387473478048)	(24, 21.6387473478048)	(25, 21.6387473478048)	(26, 21.6387473478048)	(27, 21.6387473478048)	(28, 21.6387473478048)																						
SRR18306580_2	(1, 29.537855802187043)	(2, 29.537855802187043)	(3, 29.537855802187043)	(4, 29.537855802187043)	(5, 29.537855802187043)	(6, 29.537855802187043)	(7, 29.537855802187043)	(8, 29.537855802187043)	(9, 29.537855802187043)	(10, 29.537855802187043)	(11, 29.537855802187043)	(12, 29.537855802187043)	(13, 29.537855802187043)	(14, 29.537855802187043)	(15, 29.537855802187043)	(16, 29.537855802187043)	(17, 29.537855802187043)	(18, 29.537855802187043)	(19, 29.537855802187043)	(20, 29.537855802187043)	(21, 29.537855802187043)	(22, 29.537855802187043)	(23, 29.537855802187043)	(24, 29.537855802187043)	(25, 29.537855802187043)	(26, 29.537855802187043)	(27, 29.537855802187043)	(28, 29.537855802187043)	(29, 29.551041868353096)	(30, 29.551103805671417)	(31, 29.5511394197603)	(32, 29.551277231700045)	(33, 29.55140885118036)	(34, 29.551424335910895)	(35, 29.551574538734368)	(36, 29.55159002365816)	(37, 29.551593120645087)	(38, 29.551599314621104)	(39, 29.55163023795102)	(40, 29.551660246413835)	(41, 29.551686909408485)	(42, 29.551737371479817)	(43, 29.551776709050685)	(44, 29.551837353134864)	(45, 29.551766946410712)	(46, 29.55152567343694)	(47, 29.550068573089575)	(48, 29.54256181697088)	(49, 29.519708276732096)	(50, 29.47325297610516)
SRR18306581_1	(1, 21.644964705907288)	(2, 21.644964705907288)	(3, 21.644964705907288)	(4, 21.644964705907288)	(5, 21.644964705907288)	(6, 21.644964705907288)	(7, 21.644964705907288)	(8, 21.644964705907288)	(9, 21.644964705907288)	(10, 21.644964705907288)	(11, 21.644964705907288)	(12, 21.644964705907288)	(13, 21.644964705907288)	(14, 21.644964705907288)	(15, 21.644964705907288)	(16, 21.644964705907288)	(17, 21.644964705907288)	(18, 21.644964705907288)	(19, 21.644964705907288)	(20, 21.644964705907288)	(21, 21.644964705907288)	(22, 21.644964705907288)	(23, 21.644964705907288)	(24, 21.644964705907288)	(25, 21.644964705907288)	(26, 21.644964705907288)	(27, 21.644964705907288)	(28, 21.644964705907288)																						
SRR18306581_2	(1, 29.4566574835734)	(2, 29.4566574835734)	(3, 29.4566574835734)	(4, 29.4566574835734)	(5, 29.4566574835734)	(6, 29.4566574835734)	(7, 29.4566574835734)	(8, 29.4566574835734)	(9, 29.4566574835734)	(10, 29.4566574835734)	(11, 29.4566574835734)	(12, 29.4566574835734)	(13, 29.4566574835734)	(14, 29.4566574835734)	(15, 29.4566574835734)	(16, 29.4566574835734)	(17, 29.4566574835734)	(18, 29.4566574835734)	(19, 29.4566574835734)	(20, 29.4566574835734)	(21, 29.4566574835734)	(22, 29.4566574835734)	(23, 29.4566574835734)	(24, 29.4566574835734)	(25, 29.4566574835734)	(26, 29.4566574835734)	(27, 29.4566574835734)	(28, 29.4566574835734)	(29, 29.471160425478974)	(30, 29.471182255766617)	(31, 29.471241509586008)	(32, 29.471317916218368)	(33, 29.47140523862402)	(34, 29.47144266268852)	(35, 29.471562732276478)	(36, 29.471578294681777)	(37, 29.47158602920126)	(38, 29.471628038489747)	(39, 29.471657171617302)	(40, 29.47168612160862)	(41, 29.47174383994079)	(42, 29.471800209440666)	(43, 29.471858819187773)	(44, 29.47189313105827)	(45, 29.47178352683427)	(46, 29.471470368719853)	(47, 29.469801875286514)	(48, 29.461158945464298)	(49, 29.435344410766405)	(50, 29.378211073058637)
SRR18306582_1	(1, 21.63799461671628)	(2, 21.63799461671628)	(3, 21.63799461671628)	(4, 21.63799461671628)	(5, 21.63799461671628)	(6, 21.63799461671628)	(7, 21.63799461671628)	(8, 21.63799461671628)	(9, 21.63799461671628)	(10, 21.63799461671628)	(11, 21.63799461671628)	(12, 21.63799461671628)	(13, 21.63799461671628)	(14, 21.63799461671628)	(15, 21.63799461671628)	(16, 21.63799461671628)	(17, 21.63799461671628)	(18, 21.63799461671628)	(19, 21.63799461671628)	(20, 21.63799461671628)	(21, 21.63799461671628)	(22, 21.63799461671628)	(23, 21.63799461671628)	(24, 21.63799461671628)	(25, 21.63799461671628)	(26, 21.63799461671628)	(27, 21.63799461671628)	(28, 21.63799461671628)																						
SRR18306582_2	(1, 29.553309083740785)	(2, 29.553309083740785)	(3, 29.553309083740785)	(4, 29.553309083740785)	(5, 29.553309083740785)	(6, 29.553309083740785)	(7, 29.553309083740785)	(8, 29.553309083740785)	(9, 29.553309083740785)	(10, 29.553309083740785)	(11, 29.553309083740785)	(12, 29.553309083740785)	(13, 29.553309083740785)	(14, 29.553309083740785)	(15, 29.553309083740785)	(16, 29.553309083740785)	(17, 29.553309083740785)	(18, 29.553309083740785)	(19, 29.553309083740785)	(20, 29.553309083740785)	(21, 29.553309083740785)	(22, 29.553309083740785)	(23, 29.553309083740785)	(24, 29.553309083740785)	(25, 29.553309083740785)	(26, 29.553309083740785)	(27, 29.553309083740785)	(28, 29.553309083740785)	(29, 29.560502161046394)	(30, 29.560547042978484)	(31, 29.560571805488706)	(32, 29.560602758691417)	(33, 29.560632164300813)	(34, 29.56064918863075)	(35, 29.56066466531327)	(36, 29.560670830391953)	(37, 29.56067702107325)	(38, 29.560678517546155)	(39, 29.56068337710146)	(40, 29.560700681157257)	(41, 29.560705005414672)	(42, 29.560722731968472)	(43, 29.560723627149883)	(44, 29.560745845888434)	(45, 29.560662089032395)	(46, 29.560416891147202)	(47, 29.55897193331989)	(48, 29.551584586394632)	(49, 29.52934845492417)	(50, 29.485606996016397)
SRR18306583_1	(1, 21.647134365013578)	(2, 21.647134365013578)	(3, 21.647134365013578)	(4, 21.647134365013578)	(5, 21.647134365013578)	(6, 21.647134365013578)	(7, 21.647134365013578)	(8, 21.647134365013578)	(9, 21.647134365013578)	(10, 21.647134365013578)	(11, 21.647134365013578)	(12, 21.647134365013578)	(13, 21.647134365013578)	(14, 21.647134365013578)	(15, 21.647134365013578)	(16, 21.647134365013578)	(17, 21.647134365013578)	(18, 21.647134365013578)	(19, 21.647134365013578)	(20, 21.647134365013578)	(21, 21.647134365013578)	(22, 21.647134365013578)	(23, 21.647134365013578)	(24, 21.647134365013578)	(25, 21.647134365013578)	(26, 21.647134365013578)	(27, 21.647134365013578)	(28, 21.647134365013578)																						
SRR18306583_2	(1, 29.54453008171154)	(2, 29.54453008171154)	(3, 29.54453008171154)	(4, 29.54453008171154)	(5, 29.54453008171154)	(6, 29.54453008171154)	(7, 29.54453008171154)	(8, 29.54453008171154)	(9, 29.54453008171154)	(10, 29.54453008171154)	(11, 29.54453008171154)	(12, 29.54453008171154)	(13, 29.54453008171154)	(14, 29.54453008171154)	(15, 29.54453008171154)	(16, 29.54453008171154)	(17, 29.54453008171154)	(18, 29.54453008171154)	(19, 29.54453008171154)	(20, 29.54453008171154)	(21, 29.54453008171154)	(22, 29.54453008171154)	(23, 29.54453008171154)	(24, 29.54453008171154)	(25, 29.54453008171154)	(26, 29.54453008171154)	(27, 29.54453008171154)	(28, 29.54453008171154)	(29, 29.552794998085183)	(30, 29.552794998085183)	(31, 29.552818489741906)	(32, 29.552845087296102)	(33, 29.55285135175784)	(34, 29.552871711278907)	(35, 29.552887319727756)	(36, 29.552893557839308)	(37, 29.552901362076526)	(38, 29.552927933440817)	(39, 29.552940367382913)	(40, 29.55295103479207)	(41, 29.55297524394742)	(42, 29.553006521189797)	(43, 29.55303629839733)	(44, 29.553042185603772)	(45, 29.55294511753345)	(46, 29.552654983566374)	(47, 29.551236041945916)	(48, 29.544060862939414)	(49, 29.521702524319537)	(50, 29.478267399698098)
SRR18306584_1	(1, 21.643781980978503)	(2, 21.643781980978503)	(3, 21.643781980978503)	(4, 21.643781980978503)	(5, 21.643781980978503)	(6, 21.643781980978503)	(7, 21.643781980978503)	(8, 21.643781980978503)	(9, 21.643781980978503)	(10, 21.643781980978503)	(11, 21.643781980978503)	(12, 21.643781980978503)	(13, 21.643781980978503)	(14, 21.643781980978503)	(15, 21.643781980978503)	(16, 21.643781980978503)	(17, 21.643781980978503)	(18, 21.643781980978503)	(19, 21.643781980978503)	(20, 21.643781980978503)	(21, 21.643781980978503)	(22, 21.643781980978503)	(23, 21.643781980978503)	(24, 21.643781980978503)	(25, 21.643781980978503)	(26, 21.643781980978503)	(27, 21.643781980978503)	(28, 21.643781980978503)																						
SRR18306584_2	(1, 29.400824558340872)	(2, 29.400824558340872)	(3, 29.400824558340872)	(4, 29.400824558340872)	(5, 29.400824558340872)	(6, 29.400824558340872)	(7, 29.400824558340872)	(8, 29.400824558340872)	(9, 29.400824558340872)	(10, 29.400824558340872)	(11, 29.400824558340872)	(12, 29.400824558340872)	(13, 29.400824558340872)	(14, 29.400824558340872)	(15, 29.400824558340872)	(16, 29.400824558340872)	(17, 29.400824558340872)	(18, 29.400824558340872)	(19, 29.400824558340872)	(20, 29.400824558340872)	(21, 29.400824558340872)	(22, 29.400824558340872)	(23, 29.400824558340872)	(24, 29.400824558340872)	(25, 29.400824558340872)	(26, 29.400824558340872)	(27, 29.400824558340872)	(28, 29.400824558340872)	(29, 29.415370501992303)	(30, 29.41537904305021)	(31, 29.415426873076548)	(32, 29.415525950110684)	(33, 29.415578905381984)	(34, 29.415609653701463)	(35, 29.41569506607561)	(36, 29.4157121108319)	(37, 29.415720652111283)	(38, 29.415758233806176)	(39, 29.41577843884836)	(40, 29.415805560953622)	(41, 29.415877775530063)	(42, 29.415946749358316)	(43, 29.416013233861626)	(44, 29.41603790683423)	(45, 29.415941486924762)	(46, 29.415576268328394)	(47, 29.413868083464774)	(48, 29.40554818094987)	(49, 29.37764634743636)	(50, 29.314019599913742)
SRR18306585_1	(1, 21.63605474390926)	(2, 21.63605474390926)	(3, 21.63605474390926)	(4, 21.63605474390926)	(5, 21.63605474390926)	(6, 21.63605474390926)	(7, 21.63605474390926)	(8, 21.63605474390926)	(9, 21.63605474390926)	(10, 21.63605474390926)	(11, 21.63605474390926)	(12, 21.63605474390926)	(13, 21.63605474390926)	(14, 21.63605474390926)	(15, 21.63605474390926)	(16, 21.63605474390926)	(17, 21.63605474390926)	(18, 21.63605474390926)	(19, 21.63605474390926)	(20, 21.63605474390926)	(21, 21.63605474390926)	(22, 21.63605474390926)	(23, 21.63605474390926)	(24, 21.63605474390926)	(25, 21.63605474390926)	(26, 21.63605474390926)	(27, 21.63605474390926)	(28, 21.63605474390926)																						
SRR18306585_2	(1, 29.523207914241382)	(2, 29.523207914241382)	(3, 29.523207914241382)	(4, 29.523207914241382)	(5, 29.523207914241382)	(6, 29.523207914241382)	(7, 29.523207914241382)	(8, 29.523207914241382)	(9, 29.523207914241382)	(10, 29.523207914241382)	(11, 29.523207914241382)	(12, 29.523207914241382)	(13, 29.523207914241382)	(14, 29.523207914241382)	(15, 29.523207914241382)	(16, 29.523207914241382)	(17, 29.523207914241382)	(18, 29.523207914241382)	(19, 29.523207914241382)	(20, 29.523207914241382)	(21, 29.523207914241382)	(22, 29.523207914241382)	(23, 29.523207914241382)	(24, 29.523207914241382)	(25, 29.523207914241382)	(26, 29.523207914241382)	(27, 29.523207914241382)	(28, 29.523207914241382)	(29, 29.530299104619907)	(30, 29.53033649036924)	(31, 29.53037047750552)	(32, 29.53039596791488)	(33, 29.5304248571047)	(34, 29.530436752671736)	(35, 29.530469040693177)	(36, 29.530470740064903)	(37, 29.53047240936192)	(38, 29.530475687807776)	(39, 29.530488079840776)	(40, 29.53050433710954)	(41, 29.53050776918894)	(42, 29.53052562194385)	(43, 29.530533853816333)	(44, 29.530531909699988)	(45, 29.5304406513726)	(46, 29.530146401095255)	(47, 29.528681504695804)	(48, 29.521313317341072)	(49, 29.49805270827498)	(50, 29.452982202085305)
SRR18306586_1	(1, 21.635605529745018)	(2, 21.635605529745018)	(3, 21.635605529745018)	(4, 21.635605529745018)	(5, 21.635605529745018)	(6, 21.635605529745018)	(7, 21.635605529745018)	(8, 21.635605529745018)	(9, 21.635605529745018)	(10, 21.635605529745018)	(11, 21.635605529745018)	(12, 21.635605529745018)	(13, 21.635605529745018)	(14, 21.635605529745018)	(15, 21.635605529745018)	(16, 21.635605529745018)	(17, 21.635605529745018)	(18, 21.635605529745018)	(19, 21.635605529745018)	(20, 21.635605529745018)	(21, 21.635605529745018)	(22, 21.635605529745018)	(23, 21.635605529745018)	(24, 21.635605529745018)	(25, 21.635605529745018)	(26, 21.635605529745018)	(27, 21.635605529745018)	(28, 21.635605529745018)																						
SRR18306586_2	(1, 29.486448965477226)	(2, 29.486448965477226)	(3, 29.486448965477226)	(4, 29.486448965477226)	(5, 29.486448965477226)	(6, 29.486448965477226)	(7, 29.486448965477226)	(8, 29.486448965477226)	(9, 29.486448965477226)	(10, 29.486448965477226)	(11, 29.486448965477226)	(12, 29.486448965477226)	(13, 29.486448965477226)	(14, 29.486448965477226)	(15, 29.486448965477226)	(16, 29.486448965477226)	(17, 29.486448965477226)	(18, 29.486448965477226)	(19, 29.486448965477226)	(20, 29.486448965477226)	(21, 29.486448965477226)	(22, 29.486448965477226)	(23, 29.486448965477226)	(24, 29.486448965477226)	(25, 29.486448965477226)	(26, 29.486448965477226)	(27, 29.486448965477226)	(28, 29.486448965477226)	(29, 29.49464443260336)	(30, 29.494647861295974)	(31, 29.494668433470288)	(32, 29.49470272049847)	(33, 29.4947147209793)	(34, 29.494750722487016)	(35, 29.494773009183678)	(36, 29.494785009728183)	(37, 29.494790152822013)	(38, 29.494812276142152)	(39, 29.494827948895427)	(40, 29.494851685392966)	(41, 29.494862326714504)	(42, 29.494898996196792)	(43, 29.49492689612863)	(44, 29.49491688718827)	(45, 29.49479191486496)	(46, 29.494472076804385)	(47, 29.492958291539395)	(48, 29.48577310270982)	(49, 29.461197116262746)	(50, 29.411916637752817)
SRR18306587_1	(1, 21.641185042004313)	(2, 21.641185042004313)	(3, 21.641185042004313)	(4, 21.641185042004313)	(5, 21.641185042004313)	(6, 21.641185042004313)	(7, 21.641185042004313)	(8, 21.641185042004313)	(9, 21.641185042004313)	(10, 21.641185042004313)	(11, 21.641185042004313)	(12, 21.641185042004313)	(13, 21.641185042004313)	(14, 21.641185042004313)	(15, 21.641185042004313)	(16, 21.641185042004313)	(17, 21.641185042004313)	(18, 21.641185042004313)	(19, 21.641185042004313)	(20, 21.641185042004313)	(21, 21.641185042004313)	(22, 21.641185042004313)	(23, 21.641185042004313)	(24, 21.641185042004313)	(25, 21.641185042004313)	(26, 21.641185042004313)	(27, 21.641185042004313)	(28, 21.641185042004313)																						
SRR18306587_2	(1, 29.54938220206676)	(2, 29.54938220206676)	(3, 29.54938220206676)	(4, 29.54938220206676)	(5, 29.54938220206676)	(6, 29.54938220206676)	(7, 29.54938220206676)	(8, 29.54938220206676)	(9, 29.54938220206676)	(10, 29.54938220206676)	(11, 29.54938220206676)	(12, 29.54938220206676)	(13, 29.54938220206676)	(14, 29.54938220206676)	(15, 29.54938220206676)	(16, 29.54938220206676)	(17, 29.54938220206676)	(18, 29.54938220206676)	(19, 29.54938220206676)	(20, 29.54938220206676)	(21, 29.54938220206676)	(22, 29.54938220206676)	(23, 29.54938220206676)	(24, 29.54938220206676)	(25, 29.54938220206676)	(26, 29.54938220206676)	(27, 29.54938220206676)	(28, 29.54938220206676)	(29, 29.56244192123801)	(30, 29.562490216882317)	(31, 29.562507778978336)	(32, 29.562626323733888)	(33, 29.56273608833987)	(34, 29.562753650761014)	(35, 29.56290732293663)	(36, 29.5629336669167)	(37, 29.562942448255)	(38, 29.562951157357933)	(39, 29.562984838083853)	(40, 29.56305594119968)	(41, 29.563063724274734)	(42, 29.563095024183234)	(43, 29.563129503449513)	(44, 29.56318290104324)	(45, 29.56313123502622)	(46, 29.562852024988146)	(47, 29.561407094525432)	(48, 29.55408345866726)	(49, 29.531609697816073)	(50, 29.486786064213398)
SRR18306588_1	(1, 21.647478361334713)	(2, 21.647478361334713)	(3, 21.647478361334713)	(4, 21.647478361334713)	(5, 21.647478361334713)	(6, 21.647478361334713)	(7, 21.647478361334713)	(8, 21.647478361334713)	(9, 21.647478361334713)	(10, 21.647478361334713)	(11, 21.647478361334713)	(12, 21.647478361334713)	(13, 21.647478361334713)	(14, 21.647478361334713)	(15, 21.647478361334713)	(16, 21.647478361334713)	(17, 21.647478361334713)	(18, 21.647478361334713)	(19, 21.647478361334713)	(20, 21.647478361334713)	(21, 21.647478361334713)	(22, 21.647478361334713)	(23, 21.647478361334713)	(24, 21.647478361334713)	(25, 21.647478361334713)	(26, 21.647478361334713)	(27, 21.647478361334713)	(28, 21.647478361334713)																						
SRR18306588_2	(1, 29.43666690909805)	(2, 29.43666690909805)	(3, 29.43666690909805)	(4, 29.43666690909805)	(5, 29.43666690909805)	(6, 29.43666690909805)	(7, 29.43666690909805)	(8, 29.43666690909805)	(9, 29.43666690909805)	(10, 29.43666690909805)	(11, 29.43666690909805)	(12, 29.43666690909805)	(13, 29.43666690909805)	(14, 29.43666690909805)	(15, 29.43666690909805)	(16, 29.43666690909805)	(17, 29.43666690909805)	(18, 29.43666690909805)	(19, 29.43666690909805)	(20, 29.43666690909805)	(21, 29.43666690909805)	(22, 29.43666690909805)	(23, 29.43666690909805)	(24, 29.43666690909805)	(25, 29.43666690909805)	(26, 29.43666690909805)	(27, 29.43666690909805)	(28, 29.43666690909805)	(29, 29.451128238978715)	(30, 29.451141452903567)	(31, 29.45122073672994)	(32, 29.45130883042779)	(33, 29.45135719085098)	(34, 29.451374809728385)	(35, 29.45146290446747)	(36, 29.45148492824393)	(37, 29.451489241664397)	(38, 29.451550908464178)	(39, 29.45159285594032)	(40, 29.451597556081403)	(41, 29.45168017162176)	(42, 29.451732233228856)	(43, 29.451785323504637)	(44, 29.45182520559609)	(45, 29.45172403278356)	(46, 29.451446569458053)	(47, 29.449707335639324)	(48, 29.441586013981688)	(49, 29.415088199879534)	(50, 29.35443757675234)
SRR18306589_1	(1, 21.63987419275112)	(2, 21.63987419275112)	(3, 21.63987419275112)	(4, 21.63987419275112)	(5, 21.63987419275112)	(6, 21.63987419275112)	(7, 21.63987419275112)	(8, 21.63987419275112)	(9, 21.63987419275112)	(10, 21.63987419275112)	(11, 21.63987419275112)	(12, 21.63987419275112)	(13, 21.63987419275112)	(14, 21.63987419275112)	(15, 21.63987419275112)	(16, 21.63987419275112)	(17, 21.63987419275112)	(18, 21.63987419275112)	(19, 21.63987419275112)	(20, 21.63987419275112)	(21, 21.63987419275112)	(22, 21.63987419275112)	(23, 21.63987419275112)	(24, 21.63987419275112)	(25, 21.63987419275112)	(26, 21.63987419275112)	(27, 21.63987419275112)	(28, 21.63987419275112)																						
SRR18306589_2	(1, 29.56592984874818)	(2, 29.56592984874818)	(3, 29.56592984874818)	(4, 29.56592984874818)	(5, 29.56592984874818)	(6, 29.56592984874818)	(7, 29.56592984874818)	(8, 29.56592984874818)	(9, 29.56592984874818)	(10, 29.56592984874818)	(11, 29.56592984874818)	(12, 29.56592984874818)	(13, 29.56592984874818)	(14, 29.56592984874818)	(15, 29.56592984874818)	(16, 29.56592984874818)	(17, 29.56592984874818)	(18, 29.56592984874818)	(19, 29.56592984874818)	(20, 29.56592984874818)	(21, 29.56592984874818)	(22, 29.56592984874818)	(23, 29.56592984874818)	(24, 29.56592984874818)	(25, 29.56592984874818)	(26, 29.56592984874818)	(27, 29.56592984874818)	(28, 29.56592984874818)	(29, 29.573361248443103)	(30, 29.573383176126423)	(31, 29.573409489394177)	(32, 29.573462116086016)	(33, 29.573484043935803)	(34, 29.57350597182178)	(35, 29.57353228533272)	(36, 29.573545442107736)	(37, 29.573558598895776)	(38, 29.573562914117133)	(39, 29.573574522659648)	(40, 29.57358472380705)	(41, 29.573585376505086)	(42, 29.57363838140703)	(43, 29.573624493444655)	(44, 29.573636989570076)	(45, 29.573548053193683)	(46, 29.57327994096023)	(47, 29.57193850318033)	(48, 29.56470863896652)	(49, 29.543134228651724)	(50, 29.49994637490671)
SRR18306590_1	(1, 21.64361708768935)	(2, 21.64361708768935)	(3, 21.64361708768935)	(4, 21.64361708768935)	(5, 21.64361708768935)	(6, 21.64361708768935)	(7, 21.64361708768935)	(8, 21.64361708768935)	(9, 21.64361708768935)	(10, 21.64361708768935)	(11, 21.64361708768935)	(12, 21.64361708768935)	(13, 21.64361708768935)	(14, 21.64361708768935)	(15, 21.64361708768935)	(16, 21.64361708768935)	(17, 21.64361708768935)	(18, 21.64361708768935)	(19, 21.64361708768935)	(20, 21.64361708768935)	(21, 21.64361708768935)	(22, 21.64361708768935)	(23, 21.64361708768935)	(24, 21.64361708768935)	(25, 21.64361708768935)	(26, 21.64361708768935)	(27, 21.64361708768935)	(28, 21.64361708768935)																						
SRR18306590_2	(1, 29.528116317827386)	(2, 29.528116317827386)	(3, 29.528116317827386)	(4, 29.528116317827386)	(5, 29.528116317827386)	(6, 29.528116317827386)	(7, 29.528116317827386)	(8, 29.528116317827386)	(9, 29.528116317827386)	(10, 29.528116317827386)	(11, 29.528116317827386)	(12, 29.528116317827386)	(13, 29.528116317827386)	(14, 29.528116317827386)	(15, 29.528116317827386)	(16, 29.528116317827386)	(17, 29.528116317827386)	(18, 29.528116317827386)	(19, 29.528116317827386)	(20, 29.528116317827386)	(21, 29.528116317827386)	(22, 29.528116317827386)	(23, 29.528116317827386)	(24, 29.528116317827386)	(25, 29.528116317827386)	(26, 29.528116317827386)	(27, 29.528116317827386)	(28, 29.528116317827386)	(29, 29.53613424975346)	(30, 29.53614308761347)	(31, 29.53619611489716)	(32, 29.536227047577178)	(33, 29.536244723426712)	(34, 29.536271237245163)	(35, 29.536288913153566)	(36, 29.536293332134345)	(37, 29.5362977511166)	(38, 29.536311008072186)	(39, 29.536327603043308)	(40, 29.536350565429185)	(41, 29.53638956132018)	(42, 29.53642601485638)	(43, 29.53643473494751)	(44, 29.536436678816585)	(45, 29.536348880196908)	(46, 29.536080013331553)	(47, 29.534639412520903)	(48, 29.52766553626187)	(49, 29.504148476930816)	(50, 29.457923164179444)
SRR18306591_1	(1, 21.642806766898026)	(2, 21.642806766898026)	(3, 21.642806766898026)	(4, 21.642806766898026)	(5, 21.642806766898026)	(6, 21.642806766898026)	(7, 21.642806766898026)	(8, 21.642806766898026)	(9, 21.642806766898026)	(10, 21.642806766898026)	(11, 21.642806766898026)	(12, 21.642806766898026)	(13, 21.642806766898026)	(14, 21.642806766898026)	(15, 21.642806766898026)	(16, 21.642806766898026)	(17, 21.642806766898026)	(18, 21.642806766898026)	(19, 21.642806766898026)	(20, 21.642806766898026)	(21, 21.642806766898026)	(22, 21.642806766898026)	(23, 21.642806766898026)	(24, 21.642806766898026)	(25, 21.642806766898026)	(26, 21.642806766898026)	(27, 21.642806766898026)	(28, 21.642806766898026)																						
SRR18306591_2	(1, 29.546463910516803)	(2, 29.546463910516803)	(3, 29.546463910516803)	(4, 29.546463910516803)	(5, 29.546463910516803)	(6, 29.546463910516803)	(7, 29.546463910516803)	(8, 29.546463910516803)	(9, 29.546463910516803)	(10, 29.546463910516803)	(11, 29.546463910516803)	(12, 29.546463910516803)	(13, 29.546463910516803)	(14, 29.546463910516803)	(15, 29.546463910516803)	(16, 29.546463910516803)	(17, 29.546463910516803)	(18, 29.546463910516803)	(19, 29.546463910516803)	(20, 29.546463910516803)	(21, 29.546463910516803)	(22, 29.546463910516803)	(23, 29.546463910516803)	(24, 29.546463910516803)	(25, 29.546463910516803)	(26, 29.546463910516803)	(27, 29.546463910516803)	(28, 29.546463910516803)	(29, 29.559635191689903)	(30, 29.55971152309689)	(31, 29.55975426887645)	(32, 29.55987790178687)	(33, 29.560022934494427)	(34, 29.560042781198668)	(35, 29.560190869082007)	(36, 29.560207662657568)	(37, 29.560209189347308)	(38, 29.56021985090168)	(39, 29.560253473511743)	(40, 29.56029344097626)	(41, 29.560312577764616)	(42, 29.56034973208587)	(43, 29.56037371205139)	(44, 29.560435040507855)	(45, 29.56039112649199)	(46, 29.56012438292501)	(47, 29.558654278898643)	(48, 29.551263421166013)	(49, 29.528578449383858)	(50, 29.484917421491282)
