Sample	0	1	2	3	4	5	6	7	8	9	10	11	12	13	14	15	16	17	18	19	20	21	22	23	24	25	26	27	28	29	30	31	32	33	34	35	36	37	38
SRR18306560_2 - polya	(1, 0.03206190400619903)	(2, 0.04607048975659984)	(3, 0.057908731235811785)	(4, 0.07277230109304457)	(5, 0.08522876184950424)	(6, 0.09639616964489418)	(7, 0.10528800435594672)	(8, 0.11429164468096958)	(9, 0.12325582420106175)	(10, 0.13325256145017406)	(11, 0.14220358736862265)	(12, 0.15128614930350692)	(13, 0.160710704881124)	(14, 0.16984588122258254)	(15, 0.17894817355993217)	(16, 0.1889777948131534)	(17, 0.19833000558173086)	(18, 0.2087805420875463)	(19, 0.2183629408848862)	(20, 0.22854382855700847)	(21, 0.23859975701351685)	(22, 0.2493396727554908)	(23, 0.26052681095334607)	(24, 0.27231901482680554)	(25, 0.2835587674312351)	(26, 0.2955416985285263)	(27, 0.3068932567469262)	(28, 0.3192116046861284)	(29, 0.3309248869497265)	(30, 0.34309854527084943)	(31, 0.3557983476577151)	(32, 0.3680509275886995)	(33, 0.380329814722971)	(34, 0.3927270842720346)	(35, 0.4061569115501184)	(36, 0.419317089994509)	(37, 0.43235888602410755)	(38, 0.44605836213588446)	(39, 0.4593303461942454)
SRR18306560_2 - polyg	(1, 0.29868540932133925)	(2, 0.30897810260743186)	(3, 0.3128058006857104)	(4, 0.31391728002459196)	(5, 0.3149564145544339)	(6, 0.3160350098892066)	(7, 0.3172582948420585)	(8, 0.31894853265325707)	(9, 0.320901842497327)	(10, 0.3229011899471495)	(11, 0.3249071141977937)	(12, 0.32682754003775477)	(13, 0.3288071570851119)	(14, 0.33010278684700345)	(15, 0.3315102222228653)	(16, 0.33299657920858855)	(17, 0.3344566289910247)	(18, 0.33591010197263904)	(19, 0.3375806093813723)	(20, 0.3393431920016105)	(21, 0.3411189282234923)	(22, 0.3426973604207206)	(23, 0.3446440934639688)	(24, 0.34651848169817734)	(25, 0.3482416035134848)	(26, 0.350129145349337)	(27, 0.35162207913588206)	(28, 0.35343727616269455)	(29, 0.3548775955426653)	(30, 0.35622583971113114)	(31, 0.3575806606804187)	(32, 0.3592314376866866)	(33, 0.3609611363028159)	(34, 0.36249353089429165)	(35, 0.3638417750627575)	(36, 0.36566354889039177)	(37, 0.3672025202826893)	(38, 0.3687809524799176)	(39, 0.3702541558639973)
SRR18306561_2 - polya	(1, 0.03299907549970485)	(2, 0.04684515683693864)	(3, 0.058774435383187294)	(4, 0.07395852023726561)	(5, 0.08600055188886634)	(6, 0.0978922460666643)	(7, 0.10677719076840715)	(8, 0.11594777667037524)	(9, 0.1255844087411319)	(10, 0.13602534629673324)	(11, 0.14530868530405341)	(12, 0.1545018218270919)	(13, 0.16429630824534144)	(14, 0.17363226536849255)	(15, 0.18335909992353083)	(16, 0.1936346662579492)	(17, 0.20290297151788908)	(18, 0.21359948277895513)	(19, 0.22386753223968334)	(20, 0.2343460541637354)	(21, 0.2448471267088579)	(22, 0.25609988662299416)	(23, 0.26778110833746827)	(24, 0.27922179009385795)	(25, 0.290955629924163)	(26, 0.3031254484284961)	(27, 0.31464129892178716)	(28, 0.3268036005524301)	(29, 0.3391463071516363)	(30, 0.35161680060357486)	(31, 0.3644556208663302)	(32, 0.3773545761186066)	(33, 0.3903287001077845)	(34, 0.4030397335178074)	(35, 0.4166753423917174)	(36, 0.4297998038546979)	(37, 0.44325500776004456)	(38, 0.45722887595001066)	(39, 0.47088703544499105)
SRR18306561_2 - polyg	(1, 0.27892863201994256)	(2, 0.28741518241610814)	(3, 0.2914893279561628)	(4, 0.2930227701889509)	(5, 0.29462386428495024)	(6, 0.29638281272844247)	(7, 0.29811169367717416)	(8, 0.3005246101317084)	(9, 0.3029826278283835)	(10, 0.30542561177767824)	(11, 0.3078310113585223)	(12, 0.3101913096972256)	(13, 0.3128597998572245)	(14, 0.31461874830071673)	(15, 0.3164603823548005)	(16, 0.318234364545673)	(17, 0.3201060660945173)	(18, 0.3219477001486011)	(19, 0.3241877285082621)	(20, 0.326307486888881)	(21, 0.32820925593248584)	(22, 0.33026136244989346)	(23, 0.33239615457789257)	(24, 0.33453094670589173)	(25, 0.3365605026022289)	(26, 0.3389884528041434)	(27, 0.3413863355112974)	(28, 0.34382180258690204)	(29, 0.3457085378831266)	(30, 0.34723446324222457)	(31, 0.3492489853911815)	(32, 0.3511958556769272)	(33, 0.3533306478049263)	(34, 0.35529255183805225)	(35, 0.357622782681995)	(36, 0.359697439820473)	(37, 0.36191491755906363)	(38, 0.3641248784239641)	(39, 0.3660642318360197)
SRR18306562_2 - polya	(1, 0.032853916146548)	(2, 0.04725685828295161)	(3, 0.05894620262554005)	(4, 0.07363243244371559)	(5, 0.08581380275990788)	(6, 0.09636254143641466)	(7, 0.10526373859524796)	(8, 0.1143289444119492)	(9, 0.12305867797392053)	(10, 0.1333315839076494)	(11, 0.14209859216459073)	(12, 0.15083578066555609)	(13, 0.16019172910302323)	(14, 0.1691674756517965)	(15, 0.17847123951630567)	(16, 0.18813284045252673)	(17, 0.1973918746830719)	(18, 0.20735912811804688)	(19, 0.21670016667752603)	(20, 0.2270327121232069)	(21, 0.23789455823746158)	(22, 0.24888313831461423)	(23, 0.26007300174460485)	(24, 0.27173998127021126)	(25, 0.28253473293352)	(26, 0.29408988837421646)	(27, 0.3052126573532611)	(28, 0.3167007183430116)	(29, 0.32797258610193614)	(30, 0.34070562190368425)	(31, 0.35370703550921634)	(32, 0.36613441881221054)	(33, 0.3786512613831327)	(34, 0.39080281194334904)	(35, 0.40387131999982706)	(36, 0.41646271196068924)	(37, 0.4296430441020772)	(38, 0.44292029045038717)	(39, 0.45590679417793123)
SRR18306562_2 - polyg	(1, 0.2980410060410353)	(2, 0.3079262551470763)	(3, 0.31187737281389505)	(4, 0.31293597415104274)	(5, 0.31382311189132844)	(6, 0.31489662310646416)	(7, 0.3160670485285218)	(8, 0.3176027659612853)	(9, 0.31934722168588076)	(10, 0.3211587718614222)	(11, 0.3231045109388556)	(12, 0.3248638765414391)	(13, 0.32704817366668043)	(14, 0.32837515280761204)	(15, 0.3297915912164716)	(16, 0.33115584505237317)	(17, 0.33227408590147284)	(18, 0.3337054341883204)	(19, 0.3353529757059939)	(20, 0.33677686905384746)	(21, 0.338372225998563)	(22, 0.33968429526150656)	(23, 0.34142875098610204)	(24, 0.34299428817484157)	(25, 0.3445896451195571)	(26, 0.3464906545630265)	(27, 0.34798164236182605)	(28, 0.3498304672323375)	(29, 0.3512692704581791)	(30, 0.35264097923307464)	(31, 0.3539828682519942)	(32, 0.3557496887935717)	(33, 0.35724813153136525)	(34, 0.35886585329306275)	(35, 0.3604984849327483)	(36, 0.3619149233416078)	(37, 0.36346555065235936)	(38, 0.3649863582071349)	(39, 0.3665295305788924)
SRR18306563_2 - polya	(1, 0.032146048055558964)	(2, 0.04630113987599929)	(3, 0.05808702132266772)	(4, 0.07257305046515873)	(5, 0.08522388173082325)	(6, 0.09622002638623439)	(7, 0.10527567492598473)	(8, 0.1145419199434037)	(9, 0.1238307288691443)	(10, 0.13392431719168996)	(11, 0.1429498805203448)	(12, 0.15203561427119064)	(13, 0.16127929538028798)	(14, 0.17082382860034045)	(15, 0.18003742449834226)	(16, 0.18946913817678657)	(17, 0.19945742826049792)	(18, 0.20940811183033986)	(19, 0.21921589064747812)	(20, 0.22952007544769237)	(21, 0.24029058101988715)	(22, 0.25145219433632365)	(23, 0.26317790536080105)	(24, 0.27458772166877554)	(25, 0.2856365154436038)	(26, 0.29752017382633267)	(27, 0.30864418062889976)	(28, 0.3205278390116286)	(29, 0.33262209387202607)	(30, 0.34497207302673544)	(31, 0.3584803328086222)	(32, 0.37103338713822626)	(33, 0.38417310308419295)	(34, 0.396726157413797)	(35, 0.4106706527565687)	(36, 0.42400592257465625)	(37, 0.43688239292353714)	(38, 0.45075167523857007)	(39, 0.4645231806175426)
SRR18306563_2 - polyg	(1, 0.31071253889171646)	(2, 0.3238221696265876)	(3, 0.32825221696040235)	(4, 0.3300347657178117)	(5, 0.33162928190587404)	(6, 0.3332388406994842)	(7, 0.33490856991528534)	(8, 0.33721760986686616)	(9, 0.33952664981844705)	(10, 0.3420237223393749)	(11, 0.3446411357046848)	(12, 0.34727359167554245)	(13, 0.3498609198297568)	(14, 0.3516810751010355)	(15, 0.3533733682251583)	(16, 0.35523113001030643)	(17, 0.3568331675011427)	(18, 0.3586984505890647)	(19, 0.36057125497976056)	(20, 0.36230115461775275)	(21, 0.3641739590084486)	(22, 0.3660241994908228)	(23, 0.3678669186704232)	(24, 0.36992023432769217)	(25, 0.3719058582599962)	(26, 0.37376362004514435)	(27, 0.37542582795817164)	(28, 0.37738136667938016)	(29, 0.37886306332583436)	(30, 0.3803221960639669)	(31, 0.3819392761603509)	(32, 0.3835337923484132)	(33, 0.3851884789586666)	(34, 0.3869860703216237)	(35, 0.38865579953742485)	(36, 0.3903330500559999)	(37, 0.3919952579690271)	(38, 0.3935296037348984)	(39, 0.3951617264368302)
SRR18306564_2 - polya	(1, 0.0332155766032149)	(2, 0.04790387178453606)	(3, 0.06033050333282425)	(4, 0.07587005198488107)	(5, 0.08835510288900406)	(6, 0.10024761461251692)	(7, 0.109744932746803)	(8, 0.11910872092489524)	(9, 0.1282555229241725)	(10, 0.13900468439777572)	(11, 0.14798457395181072)	(12, 0.157206486551447)	(13, 0.16681229777514056)	(14, 0.17667682328895967)	(15, 0.18609068520062458)	(16, 0.19607204942611328)	(17, 0.20563613253849627)	(18, 0.21578440920922726)	(19, 0.22588261214638555)	(20, 0.23707409159988083)	(21, 0.24783994431800827)	(22, 0.2585807601693494)	(23, 0.2698640414677279)	(24, 0.2813893458117077)	(25, 0.29213850728531093)	(26, 0.3045484475890749)	(27, 0.31612382566662744)	(28, 0.32869233279337157)	(29, 0.3406683007395056)	(30, 0.35362905211256906)	(31, 0.3669403196206414)	(32, 0.3800679834389472)	(33, 0.39306211730105917)	(34, 0.40601452305186053)	(35, 0.42040237583174556)	(36, 0.4337136433398179)	(37, 0.4472085145376567)	(38, 0.4615045654726585)	(39, 0.4751913859825259)
SRR18306564_2 - polyg	(1, 0.2937408667596369)	(2, 0.3036721572515529)	(3, 0.3073442310468832)	(4, 0.30824555825119154)	(5, 0.30930545227848005)	(6, 0.3106657887072047)	(7, 0.3117590652235417)	(8, 0.31319451225262535)	(9, 0.3148552910827861)	(10, 0.31664125424687856)	(11, 0.3186692404565723)	(12, 0.32038843864256783)	(13, 0.3223413142519026)	(14, 0.32365157694705454)	(15, 0.3249618396422065)	(16, 0.32634721293771746)	(17, 0.3277492774777527)	(18, 0.32919307012909843)	(19, 0.3307620471143759)	(20, 0.33242282594453665)	(21, 0.3340669135301732)	(22, 0.335585816781878)	(23, 0.3372215587452524)	(24, 0.33896579379803427)	(25, 0.3405931901391466)	(26, 0.3422205864802588)	(27, 0.34384798282137113)	(28, 0.34561725474093935)	(29, 0.3470443561477609)	(30, 0.34840469257648554)	(31, 0.3499402870727146)	(32, 0.3514174622131088)	(33, 0.3529780935761242)	(34, 0.3545220336946153)	(35, 0.35593244385691264)	(36, 0.35755984019802495)	(37, 0.3588867941377011)	(38, 0.3604641167452407)	(39, 0.36190790939658646)
SRR18306565_2 - polya	(1, 0.034852599529734164)	(2, 0.049541563662130576)	(3, 0.06179640472442231)	(4, 0.0768643845597762)	(5, 0.08984356674327557)	(6, 0.1015340955367195)	(7, 0.11098422039712591)	(8, 0.12074598039107515)	(9, 0.13011187953971323)	(10, 0.14036214866191876)	(11, 0.14947537067525185)	(12, 0.1588075795391826)	(13, 0.16841773325194884)	(14, 0.1776488712617576)	(15, 0.18720848954746283)	(16, 0.19708816553788772)	(17, 0.20679939010477594)	(18, 0.2176223940670061)	(19, 0.22826010146334594)	(20, 0.23875462514967963)	(21, 0.24964500968132444)	(22, 0.2611333967665244)	(23, 0.2731776735493953)	(24, 0.2852640631881504)	(25, 0.29745152368102745)	(26, 0.30982428073979484)	(27, 0.32152323210441563)	(28, 0.33468771085380533)	(29, 0.3471615387666947)	(30, 0.36024179180431604)	(31, 0.3738863571107852)	(32, 0.3864444107354429)	(33, 0.39951624120188745)	(34, 0.4129586648001126)	(35, 0.4274623323666187)	(36, 0.4407615722548377)	(37, 0.4548188435489717)	(38, 0.46939831425606926)	(39, 0.48310183756077624)
SRR18306565_2 - polyg	(1, 0.264426622096666)	(2, 0.2725796709958402)	(3, 0.27617610888834776)	(4, 0.2771531271448604)	(5, 0.27834070968079383)	(6, 0.2794861793608431)	(7, 0.28085063589149)	(8, 0.28266991126568586)	(9, 0.2845818349228269)	(10, 0.28659482943409)	(11, 0.288708894799475)	(12, 0.2905787056007319)	(13, 0.29277699667788526)	(14, 0.29432674977442247)	(15, 0.2958428125862524)	(16, 0.29756101710632626)	(17, 0.299085502489333)	(18, 0.30064367815704707)	(19, 0.30227765696535264)	(20, 0.3040211291989571)	(21, 0.3055961500090248)	(22, 0.30749122852381217)	(23, 0.3092683910421239)	(24, 0.31116346955691127)	(25, 0.3130248577869913)	(26, 0.31516419086590686)	(27, 0.31665498596420627)	(28, 0.3187100933313535)	(29, 0.32047883327848836)	(30, 0.32196120580561094)	(31, 0.323569916900386)	(32, 0.3251870505663379)	(33, 0.32722531279113143)	(34, 0.329061433307681)	(35, 0.33100704724952934)	(36, 0.33264944862901175)	(37, 0.3344350337185003)	(38, 0.33659121193976954)	(39, 0.33846944531220324)
SRR18306566_2 - polya	(1, 0.034105595760966306)	(2, 0.04874014846524402)	(3, 0.060731309028635105)	(4, 0.0757244291211088)	(5, 0.08824927137855902)	(6, 0.10031548093017717)	(7, 0.10943810238800043)	(8, 0.11866912793992945)	(9, 0.1276333126448289)	(10, 0.13824023631425414)	(11, 0.14727947000738065)	(12, 0.1566355772063548)	(13, 0.16575819866417804)	(14, 0.1747557384749562)	(15, 0.1844370579562476)	(16, 0.19483551221393097)	(17, 0.20408321531879933)	(18, 0.21392297155301457)	(19, 0.22405458496366837)	(20, 0.23502841479775924)	(21, 0.24590217931421401)	(22, 0.2571678663247435)	(23, 0.26878378194699926)	(24, 0.28073324862804194)	(25, 0.2917904662268296)	(26, 0.3043403248136888)	(27, 0.3160396282006413)	(28, 0.3281308540816685)	(29, 0.3403221452803317)	(30, 0.3526718732319188)	(31, 0.36562199308932236)	(32, 0.3783136108761661)	(33, 0.3910636000982975)	(34, 0.40383026687336826)	(35, 0.41776436235419334)	(36, 0.4313649067762315)	(37, 0.44426499397481706)	(38, 0.4578905547262642)	(39, 0.4712409358542122)
SRR18306566_2 - polyg	(1, 0.29589314424990915)	(2, 0.3058746596841088)	(3, 0.3100857418012941)	(4, 0.3110280235423673)	(5, 0.31223714613047)	(6, 0.3132878319656489)	(7, 0.31448861577728193)	(8, 0.316097999635929)	(9, 0.3177157222710458)	(10, 0.31969201229435845)	(11, 0.3215182043412171)	(12, 0.32334439638807566)	(13, 0.3251789272114039)	(14, 0.3264630987877337)	(15, 0.32784733568169955)	(16, 0.3292399113521351)	(17, 0.330624148246101)	(18, 0.33206675657535456)	(19, 0.3336844792104713)	(20, 0.3352104753044216)	(21, 0.3367781652807203)	(22, 0.3384542593511248)	(23, 0.3403388228332711)	(24, 0.34211498222131165)	(25, 0.34355759055056523)	(26, 0.34548384791505987)	(27, 0.34695981135019216)	(28, 0.34869427685588433)	(29, 0.35009519130278954)	(30, 0.3514293955379374)	(31, 0.35278861610249423)	(32, 0.3541978693258691)	(33, 0.35559044499630466)	(34, 0.35719149007848205)	(35, 0.3585256943136299)	(36, 0.3600767067369892)	(37, 0.3618445273485601)	(38, 0.36348726631308587)	(39, 0.36476309911294597)
SRR18306567_2 - polya	(1, 0.03340279420976736)	(2, 0.04772789079481743)	(3, 0.059184603389555064)	(4, 0.07400598928671197)	(5, 0.08714503853265924)	(6, 0.09886251330833437)	(7, 0.1078041326095136)	(8, 0.11751962677024926)	(9, 0.1266378914198055)	(10, 0.13693379172520848)	(11, 0.14632123023895827)	(12, 0.15501049904245603)	(13, 0.1648269334022643)	(14, 0.1748704832099858)	(15, 0.18442615538885657)	(16, 0.1945958804454188)	(17, 0.20440390312197101)	(18, 0.21530544462180945)	(19, 0.22542469957883543)	(20, 0.2364019462279783)	(21, 0.24725301762828047)	(22, 0.25855831992440925)	(23, 0.26973744697169727)	(24, 0.28096704411852164)	(25, 0.2926676955276847)	(26, 0.30484781288244245)	(27, 0.31679240310603085)	(28, 0.32871175827985116)	(29, 0.34127040138113107)	(30, 0.35442627399359045)	(31, 0.367784027004195)	(32, 0.38040996357152335)	(33, 0.39326301558676496)	(34, 0.4055104264075711)	(35, 0.41956634912842766)	(36, 0.43300821897159264)	(37, 0.44632391356591694)	(38, 0.4602788960877009)	(39, 0.47380488276342636)
SRR18306567_2 - polyg	(1, 0.29602395714684787)	(2, 0.30858260024812784)	(3, 0.3126454432607991)	(4, 0.3138651373329261)	(5, 0.3149418327897003)	(6, 0.31619517359485144)	(7, 0.31759151301535543)	(8, 0.31906355758516386)	(9, 0.3209645980010308)	(10, 0.32297499029922627)	(11, 0.3247414437829964)	(12, 0.3266508958821193)	(13, 0.32886316857846004)	(14, 0.3302847430487322)	(15, 0.33169790583574826)	(16, 0.333052186839972)	(17, 0.3343139393283792)	(18, 0.3356345735995788)	(19, 0.33720755836845984)	(20, 0.33884783660338924)	(21, 0.34021052929086903)	(22, 0.3417919257430061)	(23, 0.34342379229467945)	(24, 0.34522389251147373)	(25, 0.34683052401337894)	(26, 0.3487063293794777)	(27, 0.35028772583161477)	(28, 0.3521130610981772)	(29, 0.3534505187358889)	(30, 0.35480479974011264)	(31, 0.35618431579410453)	(32, 0.35758906689786457)	(33, 0.35931346196535446)	(34, 0.36100421029982016)	(35, 0.3625267249691649)	(36, 0.3641670032040943)	(37, 0.365512872525062)	(38, 0.3670185638278946)	(39, 0.3685579018637514)
SRR18306568_2 - polya	(1, 0.03206111172816686)	(2, 0.045959786016116756)	(3, 0.05780283576720384)	(4, 0.07180097575855032)	(5, 0.08451932369952737)	(6, 0.095394240604221)	(7, 0.10414059145622763)	(8, 0.11305934952745503)	(9, 0.12226324261508596)	(10, 0.13299227648813125)	(11, 0.1417386273401379)	(12, 0.15110829660009648)	(13, 0.1605111210945206)	(14, 0.16992057663583782)	(15, 0.17953559463084134)	(16, 0.1895749996270036)	(17, 0.19889825155871046)	(18, 0.20897744283623138)	(19, 0.21939481750530068)	(20, 0.23021668603484946)	(21, 0.2412175928305121)	(22, 0.2527290902369439)	(23, 0.2642339565964826)	(24, 0.2756857745808764)	(25, 0.2873166308313841)	(26, 0.2990734769728608)	(27, 0.310863478348803)	(28, 0.3231839634761937)	(29, 0.33484134391427384)	(30, 0.3476061091835026)	(31, 0.3610803964702937)	(32, 0.3741767140841778)	(33, 0.38721335227602394)	(34, 0.39963993415370436)	(35, 0.4139364712552406)	(36, 0.4277356798397939)	(37, 0.44068611442202965)	(38, 0.45437259520940015)	(39, 0.46778057202726026)
SRR18306568_2 - polyg	(1, 0.2824494424118444)	(2, 0.29156050084297186)	(3, 0.29565848782291126)	(4, 0.2973560358275464)	(5, 0.2990734769728608)	(6, 0.3007643939306028)	(7, 0.30254814554484827)	(8, 0.30501489498908363)	(9, 0.3074285960581742)	(10, 0.3101804805188131)	(11, 0.3128925786980934)	(12, 0.31511397940728386)	(13, 0.31779292235209866)	(14, 0.3196628775759545)	(15, 0.3214201050026276)	(16, 0.3231707013824075)	(17, 0.32510696707519443)	(18, 0.32709628114312617)	(19, 0.32943704069639257)	(20, 0.33170485873383476)	(21, 0.33365438652040785)	(22, 0.3358625251358121)	(23, 0.33803087746985777)	(24, 0.34029869550729996)	(25, 0.34259966877920767)	(26, 0.34494042833247407)	(27, 0.34706236333826795)	(28, 0.349257239859886)	(29, 0.351326126490535)	(30, 0.3533088095115737)	(31, 0.355331278813971)	(32, 0.3574067964915131)	(33, 0.3595751488255587)	(34, 0.3616241423155284)	(35, 0.363792494649574)	(36, 0.3658215949988644)	(37, 0.36791700581708586)	(38, 0.3700919891980246)	(39, 0.3721476137348874)
SRR18306569_2 - polya	(1, 0.03356034114536566)	(2, 0.047290467017985414)	(3, 0.05887341395213236)	(4, 0.07352282132746218)	(5, 0.08555884271651625)	(6, 0.09640636444849512)	(7, 0.10522490057806391)	(8, 0.11435205264068536)	(9, 0.12314432358446244)	(10, 0.1334008786361277)	(11, 0.14219314957990478)	(12, 0.15091319126275463)	(13, 0.16052624926252282)	(14, 0.1696140035464567)	(15, 0.1786098296801196)	(16, 0.1885840339845239)	(17, 0.19823648976297967)	(18, 0.20828292332831122)	(19, 0.21763332947016226)	(20, 0.22814597008329676)	(21, 0.23839595883851408)	(22, 0.24885606908006516)	(23, 0.260261726010118)	(24, 0.2714966592325247)	(25, 0.283046774684432)	(26, 0.29468225199016235)	(27, 0.30597628188060044)	(28, 0.31734254103196574)	(29, 0.32910277797020676)	(30, 0.3417757301147099)	(31, 0.35455374300237996)	(32, 0.36678018698842396)	(33, 0.37923645135014544)	(34, 0.39193566868044033)	(35, 0.40502229750116303)	(36, 0.41853573559100116)	(37, 0.43149103848276527)	(38, 0.44488628323654067)	(39, 0.45740821056274145)
SRR18306569_2 - polyg	(1, 0.3024436143916146)	(2, 0.31331083501293727)	(3, 0.3172965769568302)	(4, 0.3182355573488841)	(5, 0.31932556255924033)	(6, 0.3204746644376279)	(7, 0.3217419596520782)	(8, 0.32346232932143565)	(9, 0.32530745862330374)	(10, 0.32741523978308895)	(11, 0.32938512871746767)	(12, 0.3312499569086796)	(13, 0.3336269562228299)	(14, 0.33515033699874947)	(15, 0.3366080548101897)	(16, 0.33794757928556723)	(17, 0.33938559820766373)	(18, 0.34083674972265604)	(19, 0.34255055309556554)	(20, 0.3441658620217561)	(21, 0.3457352068728112)	(22, 0.3474358776528248)	(23, 0.3490117888003278)	(24, 0.3508437855093)	(25, 0.3526232518466888)	(26, 0.3544092844805255)	(27, 0.35595236414578885)	(28, 0.35786315641213623)	(29, 0.3591961145910658)	(30, 0.36069323018119365)	(31, 0.36218377947487357)	(32, 0.36382535358685586)	(33, 0.36540126473435885)	(34, 0.3668261510635594)	(35, 0.368349531839479)	(36, 0.3699911059514613)	(37, 0.3717705722888501)	(38, 0.37334648343635307)	(39, 0.3745284167969803)
SRR18306570_2 - polya	(1, 0.03160071021054943)	(2, 0.04514387172935633)	(3, 0.05700988206644117)	(4, 0.07118280391040062)	(5, 0.08365205834842107)	(6, 0.09464303328634659)	(7, 0.10361214612772972)	(8, 0.11270721103414336)	(9, 0.12225305175224513)	(10, 0.1326142663650181)	(11, 0.14137787846871988)	(12, 0.150346991310103)	(13, 0.1602508010551336)	(14, 0.169478447082632)	(15, 0.17903091685678799)	(16, 0.189365615245344)	(17, 0.19895785935582547)	(18, 0.2089611049416696)	(19, 0.21888480185486292)	(20, 0.22947140437347996)	(21, 0.23966689258489698)	(22, 0.2515130157538191)	(23, 0.26281555632629383)	(24, 0.27416450029114814)	(25, 0.2856062510407618)	(26, 0.297677762115528)	(27, 0.30900681891221965)	(28, 0.3205347473905384)	(29, 0.33264603280163)	(30, 0.34573841850874876)	(31, 0.3586849649826743)	(32, 0.37116084847674896)	(33, 0.3838157164842881)	(34, 0.3962120513057119)	(35, 0.40996071356220015)	(36, 0.42350387508100706)	(37, 0.4370006332074343)	(38, 0.45031840682039714)	(39, 0.4640140366284515)
SRR18306570_2 - polyg	(1, 0.3151519538744976)	(2, 0.3279460320591757)	(3, 0.33226817660653846)	(4, 0.33405802174118254)	(5, 0.33584786687582663)	(6, 0.3375250180575487)	(7, 0.33932812130430123)	(8, 0.34172783959593517)	(9, 0.34431317145708773)	(10, 0.34683221275769793)	(11, 0.34957001290809797)	(12, 0.3519365859194607)	(13, 0.3548202253030539)	(14, 0.3568155711753794)	(15, 0.3587379974311082)	(16, 0.3603488580522879)	(17, 0.36208567073849807)	(18, 0.36384237059287095)	(19, 0.3657515387364913)	(20, 0.3675413838711354)	(21, 0.3694240357905388)	(22, 0.3713729782704846)	(23, 0.37328214641410495)	(24, 0.37527749228643037)	(25, 0.3772662091027016)	(26, 0.3794471685445457)	(27, 0.3814226272487084)	(28, 0.383451118401305)	(29, 0.3851680439193525)	(30, 0.38666621058761014)	(31, 0.38840965232987457)	(32, 0.39010669067975934)	(33, 0.39177721280542716)	(34, 0.39351402549163733)	(35, 0.39548948419580005)	(36, 0.39731910366676954)	(37, 0.39927467520276955)	(38, 0.401270021075095)	(39, 0.40273504246308145)
SRR18306571_2 - polya	(1, 0.03244361068791602)	(2, 0.04653772778986699)	(3, 0.05884827023792595)	(4, 0.07301993406395918)	(5, 0.08536924987405928)	(6, 0.09655536482292545)	(7, 0.10514366451503587)	(8, 0.1145074314479689)	(9, 0.12369671825171687)	(10, 0.13410736595976042)	(11, 0.14276351903544282)	(12, 0.15214667264939644)	(13, 0.1617139997330454)	(14, 0.17103899330393732)	(15, 0.18097466732697703)	(16, 0.19089095466899617)	(17, 0.20033226832601148)	(18, 0.21080107607711673)	(19, 0.22065920337607417)	(20, 0.23154482476912158)	(21, 0.24210087258481938)	(22, 0.2537522678781791)	(23, 0.26560722332225484)	(24, 0.2773458586802071)	(25, 0.2879600665389666)	(26, 0.2996405418538572)	(27, 0.3105940166304766)	(28, 0.3226525322252682)	(29, 0.33389680721719606)	(30, 0.34646906985903264)	(31, 0.3600882132759798)	(32, 0.3727089426203678)	(33, 0.38580464564975964)	(34, 0.39844476167516824)	(35, 0.4127327455873248)	(36, 0.42612894217253544)	(37, 0.4396123788223386)	(38, 0.45350293577357365)	(39, 0.4671608525525619)
SRR18306571_2 - polyg	(1, 0.3014822765508109)	(2, 0.31177660417273106)	(3, 0.31531467345898423)	(4, 0.31624523414797134)	(5, 0.3173405816256333)	(6, 0.3184553157843158)	(7, 0.31950219655942635)	(8, 0.3211985311487258)	(9, 0.32282701235445327)	(10, 0.32480445381855094)	(11, 0.32668496187754575)	(12, 0.3283812964668452)	(13, 0.3303199645689018)	(14, 0.3316867255808516)	(15, 0.33298563320922947)	(16, 0.3343620875616896)	(17, 0.3358257819787423)	(18, 0.33726039637426414)	(19, 0.3387919441748888)	(20, 0.34031379863500316)	(21, 0.34149638617725764)	(22, 0.34289222721073837)	(23, 0.3446079484810584)	(24, 0.3463333630918887)	(25, 0.3478358308709825)	(26, 0.34993928576171385)	(27, 0.3516550070320339)	(28, 0.3533319549403128)	(29, 0.35489258276246827)	(30, 0.35631750381747984)	(31, 0.35786843829912507)	(32, 0.3594581461428114)	(33, 0.36098969394343605)	(34, 0.36256001510610186)	(35, 0.36421757633336016)	(36, 0.365720044112454)	(37, 0.3671837385295067)	(38, 0.3688606864377856)	(39, 0.37037284755738964)
SRR18306572_2 - polya	(1, 0.0324936820011575)	(2, 0.047030843401555084)	(3, 0.059242840545706284)	(4, 0.07432709941816183)	(5, 0.08683218449377267)	(6, 0.0980867610618224)	(7, 0.10720179573021686)	(8, 0.11679554068666204)	(9, 0.12603758012535565)	(10, 0.13638358410588056)	(11, 0.14565493233772014)	(12, 0.1548188149946912)	(13, 0.1645981823077275)	(14, 0.17391837852814368)	(15, 0.1835316626800195)	(16, 0.19302771165931146)	(17, 0.20242606466145022)	(18, 0.21228358875620906)	(19, 0.22262959273673397)	(20, 0.232858361544675)	(21, 0.24378077179040383)	(22, 0.2550255787607383)	(23, 0.2669737967665758)	(24, 0.2795863474170551)	(25, 0.2912317078937177)	(26, 0.30314084750869397)	(27, 0.3152160702848307)	(28, 0.3276429985787189)	(29, 0.3405877155515192)	(30, 0.35362035890375737)	(31, 0.3669460901874551)	(32, 0.37972472399909496)	(33, 0.39264013217874927)	(34, 0.40551646196754226)	(35, 0.42020016733366966)	(36, 0.43418046166429397)	(37, 0.44798490323604245)	(38, 0.46237552067071025)	(39, 0.4759650310927217)
SRR18306572_2 - polyg	(1, 0.2637302903250892)	(2, 0.2719269828082435)	(3, 0.2758934394806638)	(4, 0.2770950999996483)	(5, 0.2781990645414796)	(6, 0.2791662547152963)	(7, 0.2805144592000106)	(8, 0.2820873644321773)	(9, 0.28382635282550445)	(10, 0.28569234598913074)	(11, 0.28769511352077154)	(12, 0.2895024890981059)	(13, 0.2917788053657757)	(14, 0.2934200977819496)	(15, 0.2948659982438171)	(16, 0.2964584426714144)	(17, 0.29787503434013596)	(18, 0.2995944835380325)	(19, 0.30133347193135956)	(20, 0.3032092346927012)	(21, 0.3050263798677509)	(22, 0.30666767228392483)	(23, 0.3085238958498358)	(24, 0.31035081062260084)	(25, 0.31226565177480375)	(26, 0.314160953731576)	(27, 0.3159585597111951)	(28, 0.3179808664382665)	(29, 0.31958308046357914)	(30, 0.32113644650031514)	(31, 0.32273866052562783)	(32, 0.3243799529418017)	(33, 0.32616778932370544)	(34, 0.32784816013074064)	(35, 0.3298313884669508)	(36, 0.3316387640442852)	(37, 0.33344613962161956)	(38, 0.3352339760035233)	(39, 0.33710973876486494)
SRR18306573_2 - polya	(1, 0.03456227555698753)	(2, 0.048871251263773965)	(3, 0.06109874538939728)	(4, 0.0753012266897056)	(5, 0.08803214891868)	(6, 0.09933023731503979)	(7, 0.10852748151087681)	(8, 0.11773440701639365)	(9, 0.1267380250186341)	(10, 0.13747459745356383)	(11, 0.14706877534627383)	(12, 0.1566919971680233)	(13, 0.1654148571895487)	(14, 0.1748444528177016)	(15, 0.18439022416201245)	(16, 0.19428452265479712)	(17, 0.2034720855409543)	(18, 0.21358905415637502)	(19, 0.2236576162233966)	(20, 0.23394884841305424)	(21, 0.24456924513182604)	(22, 0.25611904757986137)	(23, 0.26794960800861173)	(24, 0.2795962235534453)	(25, 0.29042960908517335)	(26, 0.30221176296552454)	(27, 0.3137906093425994)	(28, 0.32542754357775316)	(29, 0.33759694984529753)	(30, 0.35009552064195604)	(31, 0.3632233765678034)	(32, 0.3759639801064576)	(33, 0.38870458364511185)	(34, 0.4015516815902442)	(35, 0.41514424038072334)	(36, 0.42829145892593035)	(37, 0.44184529247769017)	(38, 0.45553466436496753)	(39, 0.46883678386505184)
SRR18306573_2 - polyg	(1, 0.2938180674731133)	(2, 0.3041964314498894)	(3, 0.3081464057992594)	(4, 0.3090080423607641)	(5, 0.3101504369029839)	(6, 0.3111766557290457)	(7, 0.3122996876519058)	(8, 0.31388742243939766)	(9, 0.31548483853656933)	(10, 0.31731460606605694)	(11, 0.3193767250278604)	(12, 0.3211580860089488)	(13, 0.32308466663523466)	(14, 0.32439164344201155)	(15, 0.32563085108102957)	(16, 0.32690878395876694)	(17, 0.3281576729074648)	(18, 0.3294065618561626)	(19, 0.331023340572694)	(20, 0.3324852183343481)	(21, 0.33430530455415586)	(22, 0.33573813838677047)	(23, 0.33748077412913957)	(24, 0.3393105416586271)	(25, 0.340675606323483)	(26, 0.34261186825944867)	(27, 0.34400597685334394)	(28, 0.3457873378344324)	(29, 0.3472879408348058)	(30, 0.34868204942870107)	(31, 0.3501245645709955)	(32, 0.35165421150040843)	(33, 0.35346461641053634)	(34, 0.3549942633399492)	(35, 0.35638837193384454)	(36, 0.3578986562438978)	(37, 0.3593314900765124)	(38, 0.3608708183156051)	(39, 0.36215843250302227)
SRR18306574_2 - polya	(1, 0.03332017378412841)	(2, 0.047032781917315414)	(3, 0.05861773982058443)	(4, 0.07321849552681059)	(5, 0.08592583772567854)	(6, 0.09690568409566813)	(7, 0.10583595914325966)	(8, 0.11507854982093091)	(9, 0.12425282145452221)	(10, 0.13476419437939224)	(11, 0.14343095311410403)	(12, 0.15263450433801531)	(13, 0.16189661474256653)	(14, 0.17135392241591757)	(15, 0.1807917103623886)	(16, 0.19090292888621901)	(17, 0.20045783519396998)	(18, 0.21019817890708073)	(19, 0.2203679566115511)	(20, 0.23064509281386134)	(21, 0.24100030792369154)	(22, 0.2525267066463206)	(23, 0.26400430605174974)	(24, 0.27606749726357827)	(25, 0.28791597147972703)	(26, 0.30015484023347544)	(27, 0.3118959559517843)	(28, 0.32381274921201303)	(29, 0.3360808975560814)	(30, 0.34844664453454965)	(31, 0.361827417310777)	(32, 0.37420292415268525)	(33, 0.3875544173385926)	(34, 0.4002129602202606)	(35, 0.41472587715552683)	(36, 0.428272567610234)	(37, 0.44160454106926134)	(38, 0.45501459343580863)	(39, 0.4681513696260362)
SRR18306574_2 - polyg	(1, 0.2976075158756379)	(2, 0.3102367791669859)	(3, 0.3135258531462628)	(4, 0.3145506388074618)	(5, 0.31575110201058065)	(6, 0.3172053216631393)	(7, 0.318571702544738)	(8, 0.32040655687145625)	(9, 0.32230973024225446)	(10, 0.3244373804721724)	(11, 0.32627223479889067)	(12, 0.32844868434600866)	(13, 0.3305665747124866)	(14, 0.3321574324532051)	(15, 0.33344573442728387)	(16, 0.3348316350357626)	(17, 0.3359637791948015)	(18, 0.3374765580280001)	(19, 0.3390186164515186)	(20, 0.340697312963197)	(21, 0.3423174502942355)	(22, 0.3438009495371141)	(23, 0.34555772495631243)	(24, 0.34741209900991066)	(25, 0.3490419962043891)	(26, 0.35099396889238726)	(27, 0.352311550456786)	(28, 0.35440016123294404)	(29, 0.35570798293390277)	(30, 0.35728908081118127)	(31, 0.35879209978093984)	(32, 0.3603341582044584)	(33, 0.361837177174217)	(34, 0.3634963539590154)	(35, 0.364979853201894)	(36, 0.36670734903077234)	(37, 0.3682396475908509)	(38, 0.36966458765308957)	(39, 0.371333524301328)
SRR18306575_2 - polya	(1, 0.03199374543546197)	(2, 0.046300255815630055)	(3, 0.058143986631136964)	(4, 0.0726146823156158)	(5, 0.08513008028512122)	(6, 0.09642155144067381)	(7, 0.10526516896832075)	(8, 0.11414610133785649)	(9, 0.12329570056899164)	(10, 0.133094578048992)	(11, 0.14205760307068313)	(12, 0.1510877948077741)	(13, 0.16004335686108745)	(14, 0.1695362526375996)	(15, 0.1787157037422458)	(16, 0.18886534073600092)	(17, 0.1982015141765801)	(18, 0.20825413258142433)	(19, 0.2175529911801147)	(20, 0.2278294986362918)	(21, 0.23840452482757932)	(22, 0.2498527183190649)	(23, 0.26121881915839507)	(24, 0.2735998836971008)	(25, 0.28454059533889864)	(26, 0.29668284488951596)	(27, 0.30790714932966873)	(28, 0.31963893561950923)	(29, 0.3315199812769049)	(30, 0.34408015705667694)	(31, 0.3568940737612928)	(32, 0.3694841014145758)	(33, 0.382663703569702)	(34, 0.3953432868435181)	(35, 0.40889603741753233)	(36, 0.42285178828394565)	(37, 0.4357030198304503)	(38, 0.4486960477761324)	(39, 0.46206968710908036)
SRR18306575_2 - polyg	(1, 0.2965783633322273)	(2, 0.3064966483062719)	(3, 0.3102505214002857)	(4, 0.31123563322615017)	(5, 0.312086411621215)	(6, 0.31294465298465746)	(7, 0.314146190893477)	(8, 0.3155119141066073)	(9, 0.3172433227702479)	(10, 0.3191538426749547)	(11, 0.3210345107061505)	(12, 0.3228927898322131)	(13, 0.32502719878825276)	(14, 0.3266317369894714)	(15, 0.3281467195701569)	(16, 0.3294676649730206)	(17, 0.3308557770912842)	(18, 0.33228866701981435)	(19, 0.33402753865183266)	(20, 0.3355425212325182)	(21, 0.33700526303455935)	(22, 0.33848293077335606)	(23, 0.3402815061523965)	(24, 0.34203530372117036)	(25, 0.34366969379590007)	(26, 0.3454981210484515)	(27, 0.34709519628129243)	(28, 0.3488415308816885)	(29, 0.35046099501966266)	(30, 0.3518192552644152)	(31, 0.35341633049725607)	(32, 0.3548492204257862)	(33, 0.3566403328364489)	(34, 0.3581553154171344)	(35, 0.35975985361835305)	(36, 0.36124498432552754)	(37, 0.3628047447164796)	(38, 0.364573468222009)	(39, 0.3660362100240502)
SRR18306577_2 - polya	(1, 0.03418730121388097)	(2, 0.04819830025373931)	(3, 0.06040142844974496)	(4, 0.07549019664651548)	(5, 0.08832492074630299)	(6, 0.09993121978552394)	(7, 0.10925450243859758)	(8, 0.11858937400733695)	(9, 0.12832406316654374)	(10, 0.1392697940128185)	(11, 0.14873214365388082)	(12, 0.15759186968032557)	(13, 0.16717590293587795)	(14, 0.1763311463117986)	(15, 0.1859035906516853)	(16, 0.19580631908804505)	(17, 0.20543091354842746)	(18, 0.2156233648764303)	(19, 0.22574628271043878)	(20, 0.23683687500253509)	(21, 0.2481476566922801)	(22, 0.25924404344220925)	(23, 0.2716210053732008)	(24, 0.28341272706307324)	(25, 0.29565641646390894)	(26, 0.30827095116604775)	(27, 0.3200568783980874)	(28, 0.33262505743756327)	(29, 0.3447586521395746)	(30, 0.3577787988900137)	(31, 0.3718883037130306)	(32, 0.3853430348009343)	(33, 0.39913963890097676)	(34, 0.41278558709736485)	(35, 0.42720219818552346)	(36, 0.44197227120148663)	(37, 0.45580943650635913)	(38, 0.47049259265482934)	(39, 0.4851641598876339)
SRR18306577_2 - polyg	(1, 0.18975690511053797)	(2, 0.19504145065410738)	(3, 0.19748671185957478)	(4, 0.19847756414899406)	(5, 0.19958430559507054)	(6, 0.20056936342665693)	(7, 0.2017688161980592)	(8, 0.20337388101776174)	(9, 0.20494417909046714)	(10, 0.20658401065716683)	(11, 0.2080673918623793)	(12, 0.20957395089892322)	(13, 0.21149771089943312)	(14, 0.21270295812866824)	(15, 0.2139951222253963)	(16, 0.21516560270763427)	(17, 0.21652150584052376)	(18, 0.21785423114208186)	(19, 0.21929705114246428)	(20, 0.22083837692600536)	(21, 0.22240288054087787)	(22, 0.22392682295092037)	(23, 0.22546814873446144)	(24, 0.22711956921682688)	(25, 0.22864351162686936)	(26, 0.23065998295270507)	(27, 0.2322824311459062)	(28, 0.23421778006208183)	(29, 0.23567798343596283)	(30, 0.23719613138817247)	(31, 0.23881278512354073)	(32, 0.24025560512392316)	(33, 0.2419997369316144)	(34, 0.2439408803056229)	(35, 0.24563286199281834)	(36, 0.24738278825834242)	(37, 0.24915589235519794)	(38, 0.25102170777737925)	(39, 0.25275425066940477)
SRR18306578_2 - polya	(1, 0.03433637229829834)	(2, 0.04879952928476619)	(3, 0.0607096895005168)	(4, 0.07543101469975382)	(5, 0.087846037198253)	(6, 0.09941771020170626)	(7, 0.10835606743491408)	(8, 0.11798861030690119)	(9, 0.12766704975004728)	(10, 0.1380855714031316)	(11, 0.14704687692191892)	(12, 0.15588770394141394)	(13, 0.16543992781387287)	(14, 0.17465940154542933)	(15, 0.1841886771323088)	(16, 0.19397038386056253)	(17, 0.20364308623231375)	(18, 0.21401571131423913)	(19, 0.22421048718292355)	(20, 0.2347437502639053)	(21, 0.24574171612787152)	(22, 0.25704374677576586)	(23, 0.26869000170735247)	(24, 0.2805714765661287)	(25, 0.29212593835539735)	(26, 0.30435737456926065)	(27, 0.31656012542614964)	(28, 0.3289292513534899)	(29, 0.3409656271399276)	(30, 0.35346670570934985)	(31, 0.3670234054154282)	(32, 0.38049404905058354)	(33, 0.3943203911122208)	(34, 0.4076935045336633)	(35, 0.42186407087899275)	(36, 0.436355913222435)	(37, 0.45025110014081066)	(38, 0.4648806321977298)	(39, 0.4794413193979104)
SRR18306578_2 - polyg	(1, 0.21421077174166472)	(2, 0.22071661070344756)	(3, 0.2234072971876417)	(4, 0.22410721989781587)	(5, 0.22485877625054387)	(6, 0.22574802231674876)	(7, 0.22676922102503566)	(8, 0.22796253187516868)	(9, 0.22940827386667598)	(10, 0.23103186507142423)	(11, 0.23253497777688026)	(12, 0.23413562069604904)	(13, 0.23591984989985368)	(14, 0.23718200560672514)	(15, 0.23830073452872483)	(16, 0.239442411736304)	(17, 0.24060703722946267)	(18, 0.24184624465075463)	(19, 0.2431829822857594)	(20, 0.24452545699215902)	(21, 0.24592530241250737)	(22, 0.24730219954727622)	(23, 0.2485987776825169)	(24, 0.24995272653170628)	(25, 0.2512378305241572)	(26, 0.25279257687216705)	(27, 0.25403752136485386)	(28, 0.2554947374991509)	(29, 0.25679705270578645)	(30, 0.25797888941312974)	(31, 0.2593213641195294)	(32, 0.26080152853940586)	(33, 0.2622185851739388)	(34, 0.2633201028817539)	(35, 0.26445604301793824)	(36, 0.2657181987248097)	(37, 0.2670033027172606)	(38, 0.2686383680647986)	(39, 0.269682515058665)
SRR18306579_2 - polya	(1, 0.03334560717391692)	(2, 0.047515752265543186)	(3, 0.05953662351048371)	(4, 0.07472637021131938)	(5, 0.08750614947220554)	(6, 0.09851900548985948)	(7, 0.10716244640429382)	(8, 0.11604920133910768)	(9, 0.12599611021986087)	(10, 0.13629061055829908)	(11, 0.14555971609656645)	(12, 0.1542726753025378)	(13, 0.16341433063965402)	(14, 0.17264288384119147)	(15, 0.18177874598734628)	(16, 0.19218331695405141)	(17, 0.20174208204038965)	(18, 0.21182802750421686)	(19, 0.22150844960074487)	(20, 0.23195936609514134)	(21, 0.24292008339414253)	(22, 0.25464550190005075)	(23, 0.2667938233461425)	(24, 0.27854241461589635)	(25, 0.29059225181564396)	(26, 0.3028506438900026)	(27, 0.31488310151686594)	(28, 0.3265100357764301)	(29, 0.33945781757519733)	(30, 0.3527242248768426)	(31, 0.3666626423300121)	(32, 0.38047940277299197)	(33, 0.394035469622708)	(34, 0.40752781137184846)	(35, 0.42199920239346844)	(36, 0.43641845469643564)	(37, 0.450548047451332)	(38, 0.46500785209102913)	(39, 0.479311240574768)
SRR18306579_2 - polyg	(1, 0.21346170735533648)	(2, 0.2215490019374748)	(3, 0.2239300034226172)	(4, 0.22485112078548253)	(5, 0.22609665684218722)	(6, 0.2271741903610108)	(7, 0.22824013749791155)	(8, 0.22965946928345876)	(9, 0.23084128023958783)	(10, 0.2325155124274374)	(11, 0.2341433990875956)	(12, 0.23568438788333254)	(13, 0.23756138175483169)	(14, 0.23892278163076472)	(15, 0.2400350742953568)	(16, 0.24129798992494572)	(17, 0.24248559407203624)	(18, 0.24396865095815903)	(19, 0.24556757166351015)	(20, 0.24708538769540145)	(21, 0.24871327435555965)	(22, 0.25016736528687533)	(23, 0.2516446289820367)	(24, 0.25321458373258077)	(25, 0.25471502019158776)	(26, 0.25647035705289717)	(27, 0.25794762074805855)	(28, 0.2595639210262939)	(29, 0.2609774596208797)	(30, 0.2623504458787355)	(31, 0.26376398447332133)	(32, 0.2651543503040614)	(33, 0.2666374071901842)	(34, 0.2679582547293873)	(35, 0.26943551842454866)	(36, 0.27079112510952025)	(37, 0.27210617945776194)	(38, 0.27373985930888156)	(39, 0.27487532473731935)
SRR18306580_2 - polya	(1, 0.03300380050828884)	(2, 0.04706917857725757)	(3, 0.059047774487630864)	(4, 0.0738301196110891)	(5, 0.08594278253165147)	(6, 0.09715195038354824)	(7, 0.10601203105691435)	(8, 0.11528014176129077)	(9, 0.12482804448693138)	(10, 0.13537270628832568)	(11, 0.14415700995593275)	(12, 0.15276061460980672)	(13, 0.1621278183217142)	(14, 0.1716582340460258)	(15, 0.18103709575881927)	(16, 0.1913544265429364)	(17, 0.20104805427965214)	(18, 0.21158688708060341)	(19, 0.22086665578586584)	(20, 0.23118981557042598)	(21, 0.2422066264077036)	(22, 0.2538937722959267)	(23, 0.26538273216908764)	(24, 0.27695912704889364)	(25, 0.289013499965026)	(26, 0.302012170952925)	(27, 0.3137051458415911)	(28, 0.32607428478164563)	(29, 0.3384900557252442)	(30, 0.3519142437454825)	(31, 0.3659155028095782)	(32, 0.37941546783557556)	(33, 0.393072815873534)	(34, 0.406112289864534)	(35, 0.42033505094546386)	(36, 0.4345869570286087)	(37, 0.4481510410594791)	(38, 0.4622921961342069)	(39, 0.4760836111823544)
SRR18306580_2 - polyg	(1, 0.21393597425913405)	(2, 0.2202196367366924)	(3, 0.22308167595420736)	(4, 0.2238685910140129)	(5, 0.22475459908134954)	(6, 0.22573970015621722)	(7, 0.22668399822798385)	(8, 0.22796054932500176)	(9, 0.22932453542866468)	(10, 0.23077012753852968)	(11, 0.23213411364219264)	(12, 0.23344563874186855)	(13, 0.23503695586280865)	(14, 0.23619109795052345)	(15, 0.23732775303690923)	(16, 0.23846440812329503)	(17, 0.23963020821189582)	(18, 0.2410291683182168)	(19, 0.24238149642099374)	(20, 0.24369885052111265)	(21, 0.2450978106274336)	(22, 0.24642099372799553)	(23, 0.24774417682855743)	(24, 0.24932383594861154)	(25, 0.2507461120567045)	(26, 0.2521800461656835)	(27, 0.2534682552635874)	(28, 0.25474480636060526)	(29, 0.2559397514514211)	(30, 0.25718132854578096)	(31, 0.2583529576348248)	(32, 0.2597402597402597)	(33, 0.2611275618456947)	(34, 0.2624332579449276)	(35, 0.2636282030357434)	(36, 0.26496887313763434)	(37, 0.2663561752430693)	(38, 0.2677376483480613)	(39, 0.2689908834433071)
SRR18306581_2 - polya	(1, 0.03388171671917597)	(2, 0.047834743413258864)	(3, 0.05978607007527923)	(4, 0.07453388942915165)	(5, 0.08692676756883287)	(6, 0.09795377980428319)	(7, 0.10685545759392595)	(8, 0.11623401097944243)	(9, 0.1256596631892427)	(10, 0.13604495394382593)	(11, 0.14527043615041998)	(12, 0.15394839452471457)	(13, 0.1631562146722022)	(14, 0.17252299335164772)	(15, 0.18242552115732172)	(16, 0.19231038690388932)	(17, 0.20253083177347914)	(18, 0.2127748260552109)	(19, 0.22294228474748143)	(20, 0.23332168814902915)	(21, 0.24460774391804052)	(22, 0.25594678586437114)	(23, 0.26695613604071505)	(24, 0.2787249547586356)	(25, 0.28995802435032764)	(26, 0.3021036336625188)	(27, 0.31403729826543275)	(28, 0.32707189788598107)	(29, 0.3397002701470814)	(30, 0.35266422153120397)	(31, 0.3668762917588479)	(32, 0.38081165639382436)	(33, 0.39404053866454347)	(34, 0.40812308712540685)	(35, 0.42264129971089565)	(36, 0.4370123284704975)	(37, 0.45105366546011255)	(38, 0.465654300988098)	(39, 0.47997234357038054)
SRR18306581_2 - polyg	(1, 0.19198658248693803)	(2, 0.19734407374922303)	(3, 0.19998749526215265)	(4, 0.20090003498265174)	(5, 0.20189499764564753)	(6, 0.2029488338389981)	(7, 0.20400267003234865)	(8, 0.20533321181836667)	(9, 0.20688747301973287)	(10, 0.2085359318696667)	(11, 0.21019616542567152)	(12, 0.21179163809828605)	(13, 0.21350485783161016)	(14, 0.21479418814637985)	(15, 0.21602464493079476)	(16, 0.21730220053949348)	(17, 0.21855031938301483)	(18, 0.21993973469938763)	(19, 0.22138802354611523)	(20, 0.22280098827462994)	(21, 0.224390573594209)	(22, 0.22598604626682356)	(23, 0.22745199717265757)	(24, 0.22925941455454932)	(25, 0.23073125281341883)	(26, 0.23244447254674294)	(27, 0.23412236816185417)	(28, 0.23613584289998765)	(29, 0.23766655468921194)	(30, 0.2391501676541524)	(31, 0.2407809644449798)	(32, 0.24243531064794913)	(33, 0.24401312126145724)	(34, 0.2454967342263977)	(35, 0.24716874248847345)	(36, 0.24894083575215234)	(37, 0.2507659151931505)	(38, 0.25246736022040367)	(39, 0.2541629178946213)
SRR18306582_2 - polya	(1, 0.03361202772334027)	(2, 0.04812287019454316)	(3, 0.0595754259144889)	(4, 0.07434840725008525)	(5, 0.08619708392067002)	(6, 0.09721274153329333)	(7, 0.10630604747369786)	(8, 0.11555663673273847)	(9, 0.12478392475938856)	(10, 0.13535685895659177)	(11, 0.14431618281075076)	(12, 0.15329880789730027)	(13, 0.16250279469155984)	(14, 0.17134561238376617)	(15, 0.1811379552958866)	(16, 0.19144292532059876)	(17, 0.20160226264287004)	(18, 0.21155188887362658)	(19, 0.22172870212019077)	(20, 0.2318181357452905)	(21, 0.2431192334546978)	(22, 0.2542106200725903)	(23, 0.2656282239439503)	(24, 0.27694097226955283)	(25, 0.28878964894013764)	(26, 0.3013373625824383)	(27, 0.31267341214043143)	(28, 0.32497646284263154)	(29, 0.337384369090589)	(30, 0.349990335813866)	(31, 0.36326038766027313)	(32, 0.37679257837107377)	(33, 0.3900859314498714)	(34, 0.40290743457276085)	(35, 0.4169988548609342)	(36, 0.4311077510734004)	(37, 0.4444127547683933)	(38, 0.4587779645371554)	(39, 0.4729858909872814)
SRR18306582_2 - polyg	(1, 0.21417327751756127)	(2, 0.22084325528935062)	(3, 0.22351124639806638)	(4, 0.2243034882993444)	(5, 0.2250899048925248)	(6, 0.22592874925858392)	(7, 0.22698895533235305)	(8, 0.22828799903812513)	(9, 0.22969772359775223)	(10, 0.23114822531406276)	(11, 0.23250552210081116)	(12, 0.2339618491252193)	(13, 0.2354240014577251)	(14, 0.2365308099962753)	(15, 0.2377657753129734)	(16, 0.23909977086733128)	(17, 0.24028230841115072)	(18, 0.24137746633350565)	(19, 0.2427289378121564)	(20, 0.2441561382960764)	(21, 0.24544935669375084)	(22, 0.24676005101571818)	(23, 0.2480124922567092)	(24, 0.2494222168163363)	(25, 0.2507969895273776)	(26, 0.2523115696327621)	(27, 0.2536047880304365)	(28, 0.25510771751962574)	(29, 0.2563310322201286)	(30, 0.2574553166829717)	(31, 0.25891164370737985)	(32, 0.26031554295890935)	(33, 0.2617019662861459)	(34, 0.26300100999191794)	(35, 0.2641485956871516)	(36, 0.2654884165496071)	(37, 0.2668107614877697)	(38, 0.26830204036076366)	(39, 0.26947875259648546)
SRR18306583_2 - polya	(1, 0.033997829940802735)	(2, 0.04778917996361536)	(3, 0.05974089714884033)	(4, 0.07424569452212766)	(5, 0.08643915833024074)	(6, 0.09777766456960316)	(7, 0.10666332702551536)	(8, 0.11592045380440198)	(9, 0.12487097511035733)	(10, 0.13501843701256364)	(11, 0.14389230695028615)	(12, 0.152895894588095)	(13, 0.16263651461275788)	(14, 0.17197029275987732)	(15, 0.18119793824328978)	(16, 0.19091497323157333)	(17, 0.20060842318347755)	(18, 0.2107794701220632)	(19, 0.22044343877849323)	(20, 0.23064396701255302)	(21, 0.24146949871066503)	(22, 0.25271956106360494)	(23, 0.264175992484864)	(24, 0.2755970463515541)	(25, 0.2870652702910028)	(26, 0.299571235831142)	(27, 0.311310687688953)	(28, 0.3231975460241348)	(29, 0.33513157443207525)	(30, 0.34842174243182716)	(31, 0.3624548390775279)	(32, 0.37569783700452114)	(33, 0.3889821087451782)	(34, 0.4024432682586802)	(35, 0.4169598581501572)	(36, 0.43101653983223726)	(37, 0.44481968237323954)	(38, 0.45909452564182845)	(39, 0.47328682128308963)
SRR18306583_2 - polyg	(1, 0.21563798761620495)	(2, 0.22340925710319384)	(3, 0.22605078117767868)	(4, 0.22704724896470535)	(5, 0.22794937660621467)	(6, 0.2290460807978535)	(7, 0.2300956149167336)	(8, 0.23144585824945021)	(9, 0.2329258192822531)	(10, 0.2347713483789356)	(11, 0.23631616826178165)	(12, 0.2376958928899724)	(13, 0.23935863795471507)	(14, 0.24059685236462985)	(15, 0.24170534907445831)	(16, 0.2430732811844594)	(17, 0.24425842926252067)	(18, 0.245337444676875)	(19, 0.24666410297321223)	(20, 0.24796717623317016)	(21, 0.2495119961160162)	(22, 0.2509742683715346)	(23, 0.25266059847265665)	(24, 0.25429975850102)	(25, 0.25558514298369345)	(26, 0.2572066142347723)	(27, 0.2586629902311959)	(28, 0.26023729140951607)	(29, 0.26152267589218947)	(30, 0.26272551274753525)	(31, 0.26396372715745003)	(32, 0.26530217797197697)	(33, 0.26671138389564186)	(34, 0.267973183341936)	(35, 0.26914064264271276)	(36, 0.2704849897163345)	(37, 0.27202391334008574)	(38, 0.27345670430012997)	(39, 0.2747185037464241)
SRR18306584_2 - polya	(1, 0.03514672010588224)	(2, 0.04882278846631748)	(3, 0.06078611669654698)	(4, 0.07587761935326545)	(5, 0.08856482265739322)	(6, 0.09949404363919662)	(7, 0.10832919744293715)	(8, 0.11738409903696824)	(9, 0.1270723913206603)	(10, 0.13709676846009086)	(11, 0.14609350152139797)	(12, 0.15548448797116754)	(13, 0.16474621101488385)	(14, 0.17376879675740162)	(15, 0.18292064590597262)	(16, 0.1928028332987446)	(17, 0.20168322929460378)	(18, 0.21153310083586244)	(19, 0.2211309087353172)	(20, 0.2312910124511037)	(21, 0.242394739031079)	(22, 0.2537246765716475)	(23, 0.26499644557949203)	(24, 0.2764233306746005)	(25, 0.2878825316212223)	(26, 0.30022718689930894)	(27, 0.3112081132435336)	(28, 0.32351398949980426)	(29, 0.33570999186092965)	(30, 0.3482420790777935)	(31, 0.36189875792732074)	(32, 0.37540678385988674)	(33, 0.38861104078822756)	(34, 0.40245515157653206)	(35, 0.41644145211149514)	(36, 0.4305117738603928)	(37, 0.4444528322032372)	(38, 0.45902081806544)	(39, 0.4728649288537445)
SRR18306584_2 - polyg	(1, 0.22904182918577692)	(2, 0.23691397061442063)	(3, 0.2402231138093842)	(4, 0.24231718098744703)	(5, 0.2441850372049167)	(6, 0.24608520927389965)	(7, 0.24812110791923855)	(8, 0.2509584396821077)	(9, 0.25386040314800346)	(10, 0.25687224050904445)	(11, 0.2598129829967562)	(12, 0.26254044086448003)	(13, 0.26532606726492786)	(14, 0.267530008338136)	(15, 0.2698890654986081)	(16, 0.272383849235436)	(17, 0.2748463171207507)	(18, 0.27711488989698546)	(19, 0.27957735778230014)	(20, 0.28236298418274797)	(21, 0.2846509464698907)	(22, 0.28702292997096807)	(23, 0.28962112443263865)	(24, 0.29230980327854655)	(25, 0.2949597031026384)	(26, 0.29771301365157293)	(27, 0.30006560764174234)	(28, 0.303103297683994)	(29, 0.3052684597353862)	(30, 0.30747886397889695)	(31, 0.30976036309573707)	(32, 0.3123003890246837)	(33, 0.314769320080301)	(34, 0.31727703015773434)	(35, 0.31976535072425966)	(36, 0.32233769250471955)	(37, 0.32488418160396887)	(38, 0.3271204385286903)	(39, 0.3291563371740292)
SRR18306585_2 - polya	(1, 0.03502772088708119)	(2, 0.04873143618842557)	(3, 0.06059091316884136)	(4, 0.07514630797255901)	(5, 0.08751166977017397)	(6, 0.09868596098552254)	(7, 0.10773425524757843)	(8, 0.11664807379873328)	(9, 0.12626628893079836)	(10, 0.1358140644047724)	(11, 0.14468305771896023)	(12, 0.15321906355853596)	(13, 0.16251069482126992)	(14, 0.17163583234669785)	(15, 0.18051763287144768)	(16, 0.19020628766160377)	(17, 0.19884475118567554)	(18, 0.2087447249501047)	(19, 0.21819004273958273)	(20, 0.22835256432053297)	(21, 0.23888009140250033)	(22, 0.25013122588122094)	(23, 0.2611582341751065)	(24, 0.27274875973372015)	(25, 0.28394866537019275)	(26, 0.29582735316645153)	(27, 0.30687997588146104)	(28, 0.31828479688692574)	(29, 0.32990093686666344)	(30, 0.3419845400319143)	(31, 0.3555089543853906)	(32, 0.3685659055533538)	(33, 0.38169329637940796)	(34, 0.39447489252028806)	(35, 0.40794167442623536)	(36, 0.42161337170117474)	(37, 0.43484322021172495)	(38, 0.4487198328556564)	(39, 0.4625388130520588)
SRR18306585_2 - polyg	(1, 0.23303359978094548)	(2, 0.24217794812221638)	(3, 0.24510439573563433)	(4, 0.24610976176475166)	(5, 0.24728802513645604)	(6, 0.24862637864018544)	(7, 0.25017605111818797)	(8, 0.2521803795711416)	(9, 0.2541462863924092)	(10, 0.25668851768896706)	(11, 0.2587889002211357)	(12, 0.2608636683321804)	(13, 0.26329063473368014)	(14, 0.26494916850145966)	(15, 0.2665500698217102)	(16, 0.26839430814263876)	(17, 0.2700016130681703)	(18, 0.27178821894156985)	(19, 0.27377333657868047)	(20, 0.2756688037418571)	(21, 0.27769234301065376)	(22, 0.2795237741210203)	(23, 0.2814384521000399)	(24, 0.28343637694771256)	(25, 0.2853894765584182)	(26, 0.28737459419552885)	(27, 0.2894365550960115)	(28, 0.2916329917073952)	(29, 0.29359889852866283)	(30, 0.29526383590172334)	(31, 0.29702482735399893)	(32, 0.2989202945171755)	(33, 0.3006812859694511)	(34, 0.3026471927907187)	(35, 0.3046387140331104)	(36, 0.3063164586167329)	(37, 0.30809666088485144)	(38, 0.3100561641008381)	(39, 0.3117082942633366)
SRR18306586_2 - polya	(1, 0.034140936606594015)	(2, 0.04824234657294016)	(3, 0.05984690138010758)	(4, 0.07457575940458931)	(5, 0.0868595105633468)	(6, 0.09768137243201519)	(7, 0.10654973622277691)	(8, 0.11544397416026589)	(9, 0.12479100966548157)	(10, 0.1346296539585148)	(11, 0.14340098969904938)	(12, 0.15228875909985654)	(13, 0.16152582948148145)	(14, 0.17126097718760575)	(15, 0.18069857220636676)	(16, 0.1902784750321276)	(17, 0.1994443915102526)	(18, 0.20974877044437618)	(19, 0.21947744961381865)	(20, 0.22977536001126042)	(21, 0.24023498382574746)	(22, 0.25081750983718887)	(23, 0.26200807829672046)	(24, 0.27303046480252496)	(25, 0.28398169740482954)	(26, 0.2961102036832236)	(27, 0.3073978001929823)	(28, 0.3189506067066953)	(29, 0.3306521895640898)	(30, 0.3433434585338014)	(31, 0.3566039587315122)	(32, 0.3693922557514509)	(33, 0.3821546786246623)	(34, 0.3946907027140104)	(35, 0.4084492802362206)	(36, 0.42279649459647556)	(37, 0.4361281486976863)	(38, 0.4497508869495785)	(39, 0.4636647093521521)
SRR18306586_2 - polyg	(1, 0.25358604353700365)	(2, 0.26461489857948994)	(3, 0.26812084546103104)	(4, 0.27002906378216507)	(5, 0.2719243450299354)	(6, 0.2738907801812057)	(7, 0.27620651631329374)	(8, 0.27913676343015376)	(9, 0.2819764510334684)	(10, 0.28490669815032843)	(11, 0.28786928795059746)	(12, 0.2903790801831398)	(13, 0.29330285876331796)	(14, 0.2955991892853606)	(15, 0.29792786249081227)	(16, 0.3002112559394912)	(17, 0.3022165023108524)	(18, 0.30437699356257697)	(19, 0.3065374848143016)	(20, 0.3090343399734803)	(21, 0.31141476147238645)	(22, 0.3136658122376564)	(23, 0.3160656393466079)	(24, 0.3186724596293774)	(25, 0.32076826551428395)	(26, 0.3234785823839624)	(27, 0.32577491290600497)	(28, 0.3283364534320018)	(29, 0.330374042486772)	(30, 0.33235988324808774)	(31, 0.33433925547272164)	(32, 0.33626041086721925)	(33, 0.33837562236217117)	(34, 0.34046495971039586)	(35, 0.3425801712053478)	(36, 0.34482475343393587)	(37, 0.34697230761229686)	(38, 0.34919748423083957)	(39, 0.3510280801117918)
SRR18306587_2 - polya	(1, 0.038691877514269904)	(2, 0.05309807614468978)	(3, 0.06552177037642802)	(4, 0.0816296186157163)	(5, 0.09522629461667452)	(6, 0.10799692711818204)	(7, 0.11766163606175502)	(8, 0.1274750328352291)	(9, 0.13710670003882405)	(10, 0.147977432491595)	(11, 0.15734476577536574)	(12, 0.16692687036899362)	(13, 0.177103726282226)	(14, 0.18759447872524967)	(15, 0.19826696073815248)	(16, 0.20953419407065976)	(17, 0.21949627867403498)	(18, 0.2300531145970147)	(19, 0.24024649138023607)	(20, 0.25113374470299604)	(21, 0.2629296458751518)	(22, 0.2755020279367911)	(23, 0.2875457421587821)	(24, 0.29973814421067413)	(25, 0.31204619235248926)	(26, 0.324998554423876)	(27, 0.3366457677661306)	(28, 0.3494659628776051)	(29, 0.3637234736781239)	(30, 0.377221024459148)	(31, 0.39207328657927126)	(32, 0.4060995051999438)	(33, 0.42088568384011105)	(34, 0.43583707118016835)	(35, 0.4510693133100389)	(36, 0.4665163267497666)	(37, 0.4812859845199448)	(38, 0.4965677892597824)	(39, 0.5128904088089279)
SRR18306587_2 - polyg	(1, 0.21642339685607845)	(2, 0.22286653615179375)	(3, 0.22549335448004693)	(4, 0.22612114753962945)	(5, 0.2269306701690911)	(6, 0.22769063018858574)	(7, 0.22869840325791557)	(8, 0.22992094763710258)	(9, 0.23134174245615774)	(10, 0.23294426684509206)	(11, 0.23446418688408133)	(12, 0.23598410692307056)	(13, 0.23768575653193896)	(14, 0.23889178004113695)	(15, 0.2399160739804558)	(16, 0.2411220974896538)	(17, 0.242559413178698)	(18, 0.24391412451779712)	(19, 0.24525231498690722)	(20, 0.2464583384961052)	(21, 0.24806086288503953)	(22, 0.24929992813421556)	(23, 0.2506876812132927)	(24, 0.25224064299225996)	(25, 0.25367795868130416)	(26, 0.25513179524033736)	(27, 0.2565030274494255)	(28, 0.25830380227822797)	(29, 0.259575909267382)	(30, 0.260748891036602)	(31, 0.2622027275956352)	(32, 0.2636730850246574)	(33, 0.26515996332366865)	(34, 0.26649815379277875)	(35, 0.2678033025219108)	(36, 0.2691084512510429)	(37, 0.2705622878100761)	(38, 0.27201612436910927)	(39, 0.27320562700831824)
SRR18306588_2 - polya	(1, 0.039077498101462695)	(2, 0.053440309371293314)	(3, 0.06550640226889147)	(4, 0.08186635994935902)	(5, 0.09584638482381756)	(6, 0.10801233504194756)	(7, 0.11793149554811101)	(8, 0.12791722760129567)	(9, 0.1381692458425653)	(10, 0.14853776429112203)	(11, 0.1587065680986151)	(12, 0.16804322756834278)	(13, 0.1781621027155699)	(14, 0.18831426363630765)	(15, 0.19888249672592812)	(16, 0.21014973105927148)	(17, 0.21980260537735)	(18, 0.23082019640936374)	(19, 0.24153821547978196)	(20, 0.25265566383232757)	(21, 0.26518775755907437)	(22, 0.2770874215891194)	(23, 0.28983587284368517)	(24, 0.30201846594857046)	(25, 0.3149832747309553)	(26, 0.3281477981544037)	(27, 0.34106267827652254)	(28, 0.35426048747348166)	(29, 0.3678410830658128)	(30, 0.3816546790727183)	(31, 0.39691620622733553)	(32, 0.41122908883690024)	(33, 0.425924757841837)	(34, 0.44082014148783744)	(35, 0.4569970274139966)	(36, 0.47329041354744295)	(37, 0.4879361538921138)	(38, 0.5034473243480607)	(39, 0.5194577814066668)
SRR18306588_2 - polyg	(1, 0.2076033693857094)	(2, 0.21284587871363134)	(3, 0.21582495544283142)	(4, 0.21737274391107506)	(5, 0.21877074639852093)	(6, 0.21998567713165837)	(7, 0.22155010848665732)	(8, 0.22354725489729424)	(9, 0.22571083017548427)	(10, 0.22785776256691898)	(11, 0.23025433825968328)	(12, 0.23211834157627775)	(13, 0.23436513128824432)	(14, 0.23589627686973264)	(15, 0.23761049420552932)	(16, 0.23919156844728356)	(17, 0.2409557144433462)	(18, 0.24300278951424906)	(19, 0.24486679283084353)	(20, 0.24661429594015086)	(21, 0.24826194172892632)	(22, 0.2503090167998292)	(23, 0.25252252073828513)	(24, 0.2546528102429645)	(25, 0.256733171087378)	(26, 0.2585472457437065)	(27, 0.26062760658812)	(28, 0.26279118186631)	(29, 0.2647217567299257)	(30, 0.2663860454054565)	(31, 0.2684164775896041)	(32, 0.27036369533997506)	(33, 0.2718615551479528)	(34, 0.27374220135130256)	(35, 0.2756394904414076)	(36, 0.2777198512858211)	(37, 0.2796504261494368)	(38, 0.281497786579276)	(39, 0.283445004329647)
SRR18306589_2 - polya	(1, 0.04068623455663718)	(2, 0.05462778694932106)	(3, 0.06748041335630417)	(4, 0.08399579080609891)	(5, 0.09821782413449358)	(6, 0.11032800100577164)	(7, 0.11971586291279782)	(8, 0.12872425061268586)	(9, 0.1385740811197063)	(10, 0.14929835219100157)	(11, 0.158702712976599)	(12, 0.1683380580621935)	(13, 0.17807239641921538)	(14, 0.1880377190762344)	(15, 0.1979370462189685)	(16, 0.20871081392597746)	(17, 0.2188411253687087)	(18, 0.22971388634714499)	(19, 0.23956371685416541)	(20, 0.25065096325402764)	(21, 0.2627281423681632)	(22, 0.27495381138943986)	(23, 0.28749295910356976)	(24, 0.3005105742962651)	(25, 0.3133632007032482)	(26, 0.3265458046816558)	(27, 0.3394149299672101)	(28, 0.35235005076704934)	(29, 0.3659121289525951)	(30, 0.3796061981667106)	(31, 0.39445518888081177)	(32, 0.4083967412734956)	(33, 0.4228827566590299)	(34, 0.4368078101731425)	(35, 0.45241574930151995)	(36, 0.46729773777276357)	(37, 0.48160226549401436)	(38, 0.49707821359382204)	(39, 0.5118282110364959)
SRR18306589_2 - polyg	(1, 0.21841215452585688)	(2, 0.22512719810434484)	(3, 0.22781651531145428)	(4, 0.22844347269716078)	(5, 0.22913642559715217)	(6, 0.23002736503999824)	(7, 0.2308523089685594)	(8, 0.2321227226185436)	(9, 0.23340963514709906)	(10, 0.23472954543279692)	(11, 0.2360329568399236)	(12, 0.23743536151847758)	(13, 0.2388542650756028)	(14, 0.239976188818446)	(15, 0.24086712826129208)	(16, 0.2421540407898475)	(17, 0.2434244544398317)	(18, 0.24461237369695982)	(19, 0.24589928622551524)	(20, 0.24723569538978435)	(21, 0.24863810006833836)	(22, 0.2499250125968938)	(23, 0.25144290942544634)	(24, 0.25289481073971404)	(25, 0.2542807165396968)	(26, 0.25612859093967383)	(27, 0.2575804922539415)	(28, 0.25923038011106386)	(29, 0.2603853016110495)	(30, 0.2615732208681776)	(31, 0.26294262778958916)	(32, 0.2641800436824309)	(33, 0.2656484438752698)	(34, 0.2670343496752526)	(35, 0.26822226893238066)	(36, 0.269723666882362)	(37, 0.27129106034662825)	(38, 0.2727264627823247)	(39, 0.2739968764323089)
SRR18306590_2 - polya	(1, 0.0409194660625635)	(2, 0.05603536320853895)	(3, 0.06868743570957567)	(4, 0.08536819445436356)	(5, 0.09890258253770942)	(6, 0.11100528873278007)	(7, 0.1211435941974266)	(8, 0.13091565545809575)	(9, 0.1409707236036565)	(10, 0.15215781928878372)	(11, 0.16114744975004666)	(12, 0.17083627369163004)	(13, 0.18090798930100796)	(14, 0.19112953208474026)	(15, 0.2011180103750324)	(16, 0.21228845859634246)	(17, 0.22284295065641782)	(18, 0.23441293800933957)	(19, 0.24475101303979194)	(20, 0.25600469858018776)	(21, 0.26794093013708686)	(22, 0.27974398198344874)	(23, 0.2912806744087362)	(24, 0.30403263169267586)	(25, 0.3161353378877465)	(26, 0.3289538850269547)	(27, 0.34103994375820823)	(28, 0.35414149778230813)	(29, 0.36667703803662477)	(30, 0.38004495148179906)	(31, 0.3963927609502439)	(32, 0.4106929323691788)	(33, 0.42434385269924474)	(34, 0.43891038353925416)	(35, 0.4544591147444756)	(36, 0.4695417169628167)	(37, 0.48522362787857537)	(38, 0.5000398706758421)	(39, 0.5146896388349372)
SRR18306590_2 - polyg	(1, 0.23173269633477783)	(2, 0.2400231333157203)	(3, 0.24301967680280795)	(4, 0.24438476883581456)	(5, 0.24561668115828392)	(6, 0.2469484782636562)	(7, 0.24862987210918872)	(8, 0.25066086269488147)	(9, 0.25239219893186543)	(10, 0.254839376112987)	(11, 0.25668724459669107)	(12, 0.25866829279093234)	(13, 0.26101558518915097)	(14, 0.26236402975834044)	(15, 0.264161955850593)	(16, 0.265893292087577)	(17, 0.2673582689034865)	(18, 0.26870671347267594)	(19, 0.2705712294201971)	(20, 0.2720528536999238)	(21, 0.2738174848645421)	(22, 0.27541564139098884)	(23, 0.27698050298980126)	(24, 0.2785120696609794)	(25, 0.28021011097032905)	(26, 0.282590698296182)	(27, 0.28415555989499447)	(28, 0.2857204214938069)	(29, 0.28703557113536204)	(30, 0.288117656283477)	(31, 0.2897657552013752)	(32, 0.2914637965107249)	(33, 0.2928788309351829)	(34, 0.29437710267872674)	(35, 0.2959086693499049)	(36, 0.29752347334016876)	(37, 0.29918821972188414)	(38, 0.3011026780608568)	(39, 0.302750776978755)
SRR18306591_2 - polya	(1, 0.03427502125384531)	(2, 0.048591707972682474)	(3, 0.05998415972366727)	(4, 0.07494429303660947)	(5, 0.08738234550301495)	(6, 0.09829221230842096)	(7, 0.1070821523886059)	(8, 0.11629722682561024)	(9, 0.1259259455016821)	(10, 0.13630726689050182)	(11, 0.14530402909022053)	(12, 0.15399055811063858)	(13, 0.16328606337190604)	(14, 0.1723402761603841)	(15, 0.18177940789355004)	(16, 0.19191369175070444)	(17, 0.2016515665454191)	(18, 0.21187777134458852)	(19, 0.22194311449523166)	(20, 0.23232443588405138)	(21, 0.24339516433798364)	(22, 0.25457504891055877)	(23, 0.2661283623100698)	(24, 0.2778425373581071)	(25, 0.28945330134637753)	(26, 0.301707511928753)	(27, 0.31336998144690686)	(28, 0.32544609520412826)	(29, 0.3380794796723156)	(30, 0.35079904002364204)	(31, 0.3653685093330205)	(32, 0.37840979298139943)	(33, 0.39245646193306755)	(34, 0.4056815874654765)	(35, 0.41961910029850175)	(36, 0.43401047278272614)	(37, 0.44702303113672537)	(38, 0.4613224826789347)	(39, 0.4758919519883132)
SRR18306591_2 - polyg	(1, 0.21290039182450546)	(2, 0.2197025415336159)	(3, 0.2221614267325173)	(4, 0.22291402944526517)	(5, 0.2237700432177799)	(6, 0.2245283909894037)	(7, 0.22538440476191843)	(8, 0.22657363194923757)	(9, 0.2279122306673311)	(10, 0.22928529973868025)	(11, 0.23081348539967972)	(12, 0.23224400505978826)	(13, 0.2338928369571824)	(14, 0.2350131234379903)	(15, 0.2360874494477907)	(16, 0.23726518651735795)	(17, 0.2382303564085155)	(18, 0.23961491559761652)	(19, 0.2409764945512138)	(20, 0.24237828891694266)	(21, 0.24364220186964897)	(22, 0.2449808005877425)	(23, 0.2464228103656029)	(24, 0.2479682312032302)	(25, 0.24935853545120715)	(26, 0.25113375864387194)	(27, 0.25254129806847675)	(28, 0.2541728947892431)	(29, 0.25545978797745317)	(30, 0.25671795587128354)	(31, 0.25789569294085085)	(32, 0.2591825861290609)	(33, 0.26045224414064316)	(34, 0.2618368033297442)	(35, 0.2631007162824505)	(36, 0.2644163347650403)	(37, 0.2657491884242579)	(38, 0.2671624729077386)	(39, 0.2684321309193209)
