Sample	0	1	2	3	4	5	6	7	8	9	10	11	12	13	14	15	16	17	18	19	20	21	22	23	24	25	26	27	28	29	30	31	32	33	34	35	36	37	38	39	40	41	42	43	44	45	46	47	48	49
SRR18306560_1	(1, 31.08051378757236)	(2, 31.070392091107635)	(3, 31.06949764619587)	(4, 31.069385840581898)	(5, 31.06947133899258)	(6, 31.092884749918138)	(7, 31.069425301386833)	(8, 31.069385840581898)	(9, 31.06987252384271)	(10, 31.069385840581898)	(11, 31.069385840581898)	(12, 31.069385840581898)	(13, 31.069385840581898)	(14, 31.069385840581898)	(15, 31.069385840581898)	(16, 31.069385840581898)	(17, 31.069385840581898)	(18, 31.069385840581898)	(19, 31.069385840581898)	(20, 31.069385840581898)	(21, 31.069984329456684)	(22, 31.06947133899258)	(23, 31.070148749477227)	(24, 31.06990540784682)	(25, 31.07245062976485)	(26, 31.074713049247542)	(27, 31.07450259162125)	(28, 31.078027756861726)																						
SRR18306560_2	(1, 0.0797634403666014)	(2, 0.05127273920663131)	(3, 0.055692349358870435)	(4, 0.06682029634932966)	(5, 0.07126621370485593)	(6, 0.07952667553701717)	(7, 0.08359771524570171)	(8, 0.09062173852336747)	(9, 0.10186806792861881)	(10, 0.10599829884469943)	(11, 0.1163107225332574)	(12, 0.11266717487798884)	(13, 0.11771815790911927)	(14, 0.12600492694456764)	(15, 0.1305297659099553)	(16, 0.1321805429162232)	(17, 0.12965505140065797)	(18, 0.1140746102538507)	(19, 0.11648829615544558)	(20, 0.12113151753562537)	(21, 0.10036198054043019)	(22, 0.12090790630768472)	(23, 0.10962211609750266)	(24, 0.099178156392509)	(25, 0.10666913252852143)	(26, 0.0917924090696451)	(27, 0.08932610876147594)	(28, 0.08695188366481177)	(29, 0.031683082319754356)	(30, 0.028327333158916796)	(31, 0.04332343948102415)	(32, 0.024070150604918815)	(33, 0.02370178599735069)	(34, 0.02764991028584559)	(35, 0.02262934423858475)	(36, 0.027321055966709373)	(37, 0.024511310275286035)	(38, 0.02122121128831572)	(39, 0.01960914628488931)	(40, 0.020984617466018936)	(41, 0.02012351680369588)	(42, 0.02931036604461875)	(43, 0.018223028946448974)	(44, 0.02066734188759441)	(45, 0.023282917739397252)	(46, 0.026503559590857807)	(47, 0.018666379274198446)	(48, 0.01995919182838269)	(49, 0.01921950618381428)	(50, 0.023535168742941412)
SRR18306561_1	(1, 31.090721674747428)	(2, 31.059737121396687)	(3, 31.05948154769122)	(4, 31.059316176470038)	(5, 31.059248524606826)	(6, 31.059286108975275)	(7, 31.059248524606826)	(8, 31.059248524606826)	(9, 31.059278592101585)	(10, 31.059248524606826)	(11, 31.059248524606826)	(12, 31.05938382833325)	(13, 31.059248524606826)	(14, 31.059248524606826)	(15, 31.059248524606826)	(16, 31.059248524606826)	(17, 31.059308659596347)	(18, 31.059248524606826)	(19, 31.059263558354207)	(20, 31.059338727091106)	(21, 31.059406378954318)	(22, 31.05948154769122)	(23, 31.059564233301813)	(24, 31.05937631145956)	(25, 31.060774449965923)	(26, 31.068404076761414)	(27, 31.070050272099554)	(28, 31.075740545482986)																						
SRR18306561_2	(1, 0.055549696570118184)	(2, 0.05548956158059708)	(3, 0.06328455959726996)	(4, 0.07302642789968852)	(5, 0.08315917363399425)	(6, 0.09184116274610338)	(7, 0.09377299928446879)	(8, 0.1058300646834498)	(9, 0.11182852988817975)	(10, 0.11977386537865538)	(11, 0.12495299135116031)	(12, 0.1294480818178627)	(13, 0.13161294144062238)	(14, 0.13691233739216951)	(15, 0.13427391472693115)	(16, 0.14014459307892876)	(17, 0.12733584031093398)	(18, 0.13395068915825523)	(19, 0.13187603201977718)	(20, 0.12440425957178025)	(21, 0.11645140720761447)	(22, 0.11956339291533151)	(23, 0.11567716921753028)	(24, 0.11032515515015218)	(25, 0.10755894563218148)	(26, 0.09623853385483398)	(27, 0.09347984121055342)	(28, 0.09366776305280687)	(29, 0.030896050134030798)	(30, 0.03388940996551719)	(31, 0.0286849715493066)	(32, 0.030249437523667624)	(33, 0.027880370572016908)	(34, 0.02650406029568423)	(35, 0.02795572991681271)	(36, 0.02919672894349508)	(37, 0.026000302797856707)	(38, 0.026684771396572483)	(39, 0.02666986364073272)	(40, 0.024977840721702404)	(41, 0.022459378686034585)	(42, 0.022249066186082828)	(43, 0.02553012430552834)	(44, 0.02284769210850344)	(45, 0.02619084622398367)	(46, 0.02684339055151829)	(47, 0.02613734554206825)	(48, 0.023286433598199718)	(49, 0.024811649655517052)	(50, 0.03261167314233853)
SRR18306562_1	(1, 31.06901737791009)	(2, 31.06033982892108)	(3, 31.058401544782637)	(4, 31.058401544782637)	(5, 31.058401544782637)	(6, 31.085776080768596)	(7, 31.058401544782637)	(8, 31.058401544782637)	(9, 31.059079944231094)	(10, 31.058401544782637)	(11, 31.058401544782637)	(12, 31.058401544782637)	(13, 31.058401544782637)	(14, 31.058401544782637)	(15, 31.058401544782637)	(16, 31.058401544782637)	(17, 31.058401544782637)	(18, 31.058401544782637)	(19, 31.058401544782637)	(20, 31.058401544782637)	(21, 31.05908739917009)	(22, 31.058550643562516)	(23, 31.05951978563174)	(24, 31.05881156642731)	(25, 31.06109277775947)	(26, 31.06345599342057)	(27, 31.063664731712404)	(28, 31.066393239384205)																						
SRR18306562_2	(1, 0.07186561190213812)	(2, 0.027046518670223767)	(3, 0.028679150309909272)	(4, 0.032600448220752073)	(5, 0.03525440650261527)	(6, 0.041046894100951505)	(7, 0.04310445726329488)	(8, 0.0502537437585387)	(9, 0.058670369882762134)	(10, 0.06051173981427958)	(11, 0.06889109124353303)	(12, 0.06741501332272147)	(13, 0.0705908173341645)	(14, 0.07747172602562441)	(15, 0.08261563393148284)	(16, 0.0814452085094252)	(17, 0.08197450917799905)	(18, 0.06824996649004922)	(19, 0.07092628958889441)	(20, 0.07401263433240947)	(21, 0.06098140097090144)	(22, 0.07833649894892815)	(23, 0.06556618845221004)	(24, 0.059348769331215925)	(25, 0.05202056430011616)	(26, 0.04950079492014493)	(27, 0.05115579137681243)	(28, 0.0476296052326515)	(29, 0.016196469438112263)	(30, 0.015555192485067277)	(31, 0.022810819412506934)	(32, 0.013832667525907729)	(33, 0.012788713598585919)	(34, 0.015920652957058083)	(35, 0.012378596541569266)	(36, 0.015391222275572825)	(37, 0.014891604110619638)	(38, 0.01197592734206373)	(39, 0.010052071670077883)	(40, 0.01126021995460118)	(41, 0.009955679700354176)	(42, 0.01255100945017182)	(43, 0.00944925110769536)	(44, 0.010091916248283516)	(45, 0.01137178583823157)	(46, 0.013602214479359366)	(47, 0.009856243720210291)	(48, 0.009068900587941436)	(49, 0.009143316581853954)	(50, 0.010748387908541556)
SRR18306563_1	(1, 31.077985455154273)	(2, 31.038340668233154)	(3, 31.038506136894178)	(4, 31.038212806085998)	(5, 31.038160156966583)	(6, 31.03843092386644)	(7, 31.038160156966583)	(8, 31.038160156966583)	(9, 31.03831058302206)	(10, 31.038160156966583)	(11, 31.038160156966583)	(12, 31.038212806085998)	(13, 31.038160156966583)	(14, 31.038160156966583)	(15, 31.038160156966583)	(16, 31.038160156966583)	(17, 31.038265455205416)	(18, 31.038160156966583)	(19, 31.038385796049795)	(20, 31.038633999041338)	(21, 31.038461009077533)	(22, 31.038288019113736)	(23, 31.038573828619143)	(24, 31.03831058302206)	(25, 31.040040482660054)	(26, 31.04730606113962)	(27, 31.048900577327682)	(28, 31.05520342905219)																						
SRR18306563_2	(1, 0.037125150491866876)	(2, 0.030446233628662302)	(3, 0.032153569358332836)	(4, 0.03489884487079868)	(5, 0.040554864556755714)	(6, 0.04862522243312791)	(7, 0.05071614460426628)	(8, 0.06001999613555463)	(9, 0.06696215859584498)	(10, 0.07278364694282734)	(11, 0.07734155642379803)	(12, 0.08222288192404552)	(13, 0.08419346325080183)	(14, 0.0894734177980649)	(15, 0.08570524510835151)	(16, 0.09233151285213893)	(17, 0.08031247101948025)	(18, 0.08789394421555032)	(19, 0.08576541553054254)	(20, 0.07943999989771029)	(21, 0.07231732617084684)	(22, 0.07573199763018792)	(23, 0.0703617874496383)	(24, 0.060546487329726166)	(25, 0.05744771058688801)	(26, 0.05196468086473019)	(27, 0.04988880129913959)	(28, 0.05000914214352165)	(29, 0.012714883410538006)	(30, 0.015122436436675475)	(31, 0.011902344498540007)	(32, 0.013023375491903275)	(33, 0.011134951778511364)	(34, 0.01036003179483977)	(35, 0.011586387048525895)	(36, 0.012632176086064317)	(37, 0.009713010265019221)	(38, 0.010149394726663409)	(39, 0.009856012683108352)	(40, 0.00911124849459378)	(41, 0.0066287411381029376)	(42, 0.006275179722953072)	(43, 0.00853296251817205)	(44, 0.007864265634875016)	(45, 0.009892505952442794)	(46, 0.009443063489566922)	(47, 0.009815643879351498)	(48, 0.006815982431979751)	(49, 0.007585413250319636)	(50, 0.00969723440480113)
SRR18306564_1	(1, 31.075884239542727)	(2, 31.06601136840664)	(3, 31.065151769313648)	(4, 31.06496816562388)	(5, 31.065093349957813)	(6, 31.08905363147234)	(7, 31.064984856868406)	(8, 31.06496816562388)	(9, 31.065569050426756)	(10, 31.06496816562388)	(11, 31.06496816562388)	(12, 31.06496816562388)	(13, 31.06496816562388)	(14, 31.06496816562388)	(15, 31.06496816562388)	(16, 31.06496816562388)	(17, 31.06496816562388)	(18, 31.06496816562388)	(19, 31.06496816562388)	(20, 31.06496816562388)	(21, 31.065610778538066)	(22, 31.06504327622424)	(23, 31.06568588913842)	(24, 31.06539379235925)	(25, 31.067788985948475)	(26, 31.070267635760324)	(27, 31.070234253271273)	(28, 31.073522428442544)																						
SRR18306564_2	(1, 0.08000113500462765)	(2, 0.0511920469558091)	(3, 0.055723719844137154)	(4, 0.06664813938524478)	(5, 0.07047043438129312)	(6, 0.07821517184053518)	(7, 0.08260496915040731)	(8, 0.08908951764807012)	(9, 0.10073166070371956)	(10, 0.10498792805739784)	(11, 0.11520296970622575)	(12, 0.1121985456918646)	(13, 0.11608760566600987)	(14, 0.12513426019814178)	(15, 0.12854761970334652)	(16, 0.13071748149149623)	(17, 0.12785493305559104)	(18, 0.11308318165164871)	(19, 0.11487749043800329)	(20, 0.11985982692848551)	(21, 0.10021423212346849)	(22, 0.11951765641573883)	(23, 0.10795896958271055)	(24, 0.09828639338092009)	(25, 0.10605616770694849)	(26, 0.09087548081216257)	(27, 0.08923139322652605)	(28, 0.08613516736728165)	(29, 0.031244883149397384)	(30, 0.02792173997194967)	(31, 0.04230016013274201)	(32, 0.023346192387154015)	(33, 0.023680328919434696)	(34, 0.027320914619386346)	(35, 0.021935336265281463)	(36, 0.026435978381281453)	(37, 0.023830792356310925)	(38, 0.02056595882082157)	(39, 0.0191131498470948)	(40, 0.0205578817933487)	(41, 0.01932300668656196)	(42, 0.028684216173939753)	(43, 0.01751232752612193)	(44, 0.019986846934161338)	(45, 0.023128054304805197)	(46, 0.02548559595435611)	(47, 0.0178372179857662)	(48, 0.019268618657771606)	(49, 0.018353634656684555)	(50, 0.022967343448503073)
SRR18306565_1	(1, 31.0708398036227)	(2, 31.04033325082021)	(3, 31.040080573684907)	(4, 31.039903699690193)	(5, 31.03984474169195)	(6, 31.03986158683431)	(7, 31.03984474169195)	(8, 31.03984474169195)	(9, 31.039878431976664)	(10, 31.03984474169195)	(11, 31.03984474169195)	(12, 31.04002161568667)	(13, 31.03984474169195)	(14, 31.03984474169195)	(15, 31.03984474169195)	(16, 31.03984474169195)	(17, 31.039928967403725)	(18, 31.03984474169195)	(19, 31.03986158683431)	(20, 31.039928967403725)	(21, 31.039979502830782)	(22, 31.040131109111968)	(23, 31.040232179966086)	(24, 31.040030038257843)	(25, 31.04150398821379)	(26, 31.049227485982943)	(27, 31.050962535645375)	(28, 31.056260332915603)																						
SRR18306565_2	(1, 0.05553843434003554)	(2, 0.05520995406413906)	(3, 0.06296714211800207)	(4, 0.07279628268136595)	(5, 0.0825327749617847)	(6, 0.09104799442156265)	(7, 0.09369268177108815)	(8, 0.1054842814186541)	(9, 0.11127058781713822)	(10, 0.11902777587100126)	(11, 0.12457825027653406)	(12, 0.12984235726205456)	(13, 0.13162794235154313)	(14, 0.13647934334939882)	(15, 0.13434843284166012)	(16, 0.14043795180251026)	(17, 0.1266417802148581)	(18, 0.133800965715166)	(19, 0.1311394332232868)	(20, 0.1242497700006376)	(21, 0.11613041138617075)	(22, 0.11926360786395256)	(23, 0.11533026712437164)	(24, 0.10990613128649132)	(25, 0.10744674050285614)	(26, 0.09525928000997906)	(27, 0.09328839835460018)	(28, 0.09311152435988669)	(29, 0.030801150134328405)	(30, 0.03347256357954179)	(31, 0.0285259002955317)	(32, 0.02972268323608642)	(33, 0.027430537325882454)	(34, 0.026402447801020773)	(35, 0.02809638560308841)	(36, 0.029402636023428734)	(37, 0.026259291457572703)	(38, 0.02642788310212447)	(39, 0.026158334273679383)	(40, 0.024607900079790274)	(41, 0.02224936719934236)	(42, 0.022081111000143695)	(43, 0.025614041653033656)	(44, 0.02255730744649088)	(45, 0.025947752846178396)	(46, 0.02640454583632474)	(47, 0.025790108390565742)	(48, 0.02277997505579704)	(49, 0.024182312849663486)	(50, 0.031730999417324)
SRR18306566_1	(1, 31.045273135372447)	(2, 31.037192860973335)	(3, 31.035299958714717)	(4, 31.035299958714717)	(5, 31.035299958714717)	(6, 31.063510039511627)	(7, 31.035299958714717)	(8, 31.035299958714717)	(9, 31.035917028173472)	(10, 31.035299958714717)	(11, 31.035299958714717)	(12, 31.035299958714717)	(13, 31.035299958714717)	(14, 31.035299958714717)	(15, 31.035299958714717)	(16, 31.035299958714717)	(17, 31.035299958714717)	(18, 31.035299958714717)	(19, 31.035299958714717)	(20, 31.035299958714717)	(21, 31.0359920771617)	(22, 31.035400024032356)	(23, 31.036142175138153)	(24, 31.035700219985262)	(25, 31.037884979420316)	(26, 31.040711824643534)	(27, 31.041003681819973)	(28, 31.043496975984407)																						
SRR18306566_2	(1, 0.0722054654509064)	(2, 0.027126039855849236)	(3, 0.029043958443874238)	(4, 0.03284644051404554)	(5, 0.0357066408431437)	(6, 0.04144371905427935)	(7, 0.043653494818742936)	(8, 0.05089989157088956)	(9, 0.0597723497346226)	(10, 0.062257305122585434)	(11, 0.0704209672863962)	(12, 0.06846135481602283)	(13, 0.0721470940156187)	(14, 0.07884313152076684)	(15, 0.08357121777907196)	(16, 0.08306255241442184)	(17, 0.08375467086140478)	(18, 0.06991230192174609)	(19, 0.07261406549792043)	(20, 0.0757244291211088)	(21, 0.062382386769630545)	(22, 0.07949355608540142)	(23, 0.0668686485103151)	(24, 0.060047529358121854)	(25, 0.05359331637059424)	(26, 0.05068308338267804)	(27, 0.05188386719431108)	(28, 0.0487484872417137)	(29, 0.0166737037092026)	(30, 0.015822941864409648)	(31, 0.023321543275600834)	(32, 0.014113049866776813)	(33, 0.0131037953212194)	(34, 0.016423540162895826)	(35, 0.01282021339774858)	(36, 0.01587304235258006)	(37, 0.01553106396296033)	(38, 0.012428191743143142)	(39, 0.010067704688447497)	(40, 0.011410714661066742)	(41, 0.010101663104113446)	(42, 0.01264598775174358)	(43, 0.00947671751531812)	(44, 0.010220442001995197)	(45, 0.011426286886603909)	(46, 0.013819287665015789)	(47, 0.010008612276520158)	(48, 0.009285130096279062)	(49, 0.009277391706509805)	(50, 0.010964552422494786)
SRR18306567_1	(1, 31.088487795530824)	(2, 31.04928093987438)	(3, 31.049457585222758)	(4, 31.049247293141356)	(5, 31.049179999675307)	(6, 31.049499643639038)	(7, 31.049179999675307)	(8, 31.049179999675307)	(9, 31.049255704824613)	(10, 31.049179999675307)	(11, 31.049179999675307)	(12, 31.049196823041818)	(13, 31.049179999675307)	(14, 31.049179999675307)	(15, 31.049179999675307)	(16, 31.049179999675307)	(17, 31.049322998290663)	(18, 31.049179999675307)	(19, 31.049348233340428)	(20, 31.049659465620906)	(21, 31.049423938489735)	(22, 31.04931458660741)	(23, 31.049491231955784)	(24, 31.049415526806477)	(25, 31.050988511575362)	(26, 31.057759916596478)	(27, 31.05934972473187)	(28, 31.065734192323212)																						
SRR18306567_2	(1, 0.037145993258708807)	(2, 0.030349353187821865)	(3, 0.03196439637298312)	(4, 0.03499260234516047)	(5, 0.0404433730950797)	(6, 0.04834194367250894)	(7, 0.05021774903860769)	(8, 0.05924348517234739)	(9, 0.06642706267301254)	(10, 0.07229841758573419)	(11, 0.07658837604631877)	(12, 0.08150921075110697)	(13, 0.08393177552884884)	(14, 0.0888105518173568)	(15, 0.08527764484981655)	(16, 0.09187240452255832)	(17, 0.08023063489618763)	(18, 0.08860867141921162)	(19, 0.08518511633400003)	(20, 0.07948199508639935)	(21, 0.07183577500665154)	(22, 0.07553691563931274)	(23, 0.06980855934194392)	(24, 0.06051364934401068)	(25, 0.05772097050300267)	(26, 0.051109387463748795)	(27, 0.050116808839535114)	(28, 0.04998222190743835)	(29, 0.012629778122312963)	(30, 0.015002598318766594)	(31, 0.012141771463420874)	(32, 0.012882234666354329)	(33, 0.01103951692689467)	(34, 0.0101896854971662)	(35, 0.011847308389139654)	(36, 0.01310103964364499)	(37, 0.00992044459747228)	(38, 0.010517874033060287)	(39, 0.010315970780391408)	(40, 0.009112808746882774)	(41, 0.0066393094579613905)	(42, 0.006235478424865977)	(43, 0.008710017024506706)	(44, 0.007928375293263616)	(45, 0.01007854359740521)	(46, 0.009625408921843787)	(47, 0.009631291787481353)	(48, 0.0067989324982209165)	(49, 0.007943707946135707)	(50, 0.010255712011582686)
SRR18306568_1	(1, 31.08331081540326)	(2, 31.051906177317512)	(3, 31.051747032192072)	(4, 31.0515282076446)	(5, 31.05146189717567)	(6, 31.051508314503923)	(7, 31.05146189717567)	(8, 31.05146189717567)	(9, 31.051488421363242)	(10, 31.05146189717567)	(11, 31.05146189717567)	(12, 31.051561362879067)	(13, 31.05146189717567)	(14, 31.05146189717567)	(15, 31.05146189717567)	(16, 31.05146189717567)	(17, 31.051475159269458)	(18, 31.05146189717567)	(19, 31.051488421363242)	(20, 31.05149505241014)	(21, 31.051594518113536)	(22, 31.051707245910716)	(23, 31.051833235801684)	(24, 31.05164093544179)	(25, 31.053159445180306)	(26, 31.0607652559667)	(27, 31.062277134658327)	(28, 31.068384328846875)																						
SRR18306568_2	(1, 0.0564036848727585)	(2, 0.05611191880946184)	(3, 0.06418190287837168)	(4, 0.07446002556268577)	(5, 0.08426071287069624)	(6, 0.09271529765940623)	(7, 0.09512899872849676)	(8, 0.10703172790162178)	(9, 0.11301956324609638)	(10, 0.12128847872179939)	(11, 0.12572464909328723)	(12, 0.130910127763696)	(13, 0.13327741150453482)	(14, 0.13848278331562291)	(15, 0.13516062882217686)	(16, 0.14191766560625174)	(17, 0.12791289456801216)	(18, 0.13510094940013892)	(19, 0.13209708515756197)	(20, 0.12564507653056994)	(21, 0.11738942314865315)	(22, 0.12083756753306821)	(23, 0.11670642531866325)	(24, 0.111116452787775)	(25, 0.10823857843616706)	(26, 0.09671381893594906)	(27, 0.09451894241433101)	(28, 0.0943796904295758)	(29, 0.031448406103220035)	(30, 0.034195190579802213)	(31, 0.02927893798066754)	(32, 0.03059935728080258)	(33, 0.028151206812976864)	(34, 0.026811030008648398)	(35, 0.02864229548127151)	(36, 0.029989189295345612)	(37, 0.026439592696249948)	(38, 0.02671830835090779)	(39, 0.02635353465788375)	(40, 0.025186038972542308)	(41, 0.022320824293974546)	(42, 0.022314467445295385)	(43, 0.025865991470062237)	(44, 0.02274348704709634)	(45, 0.026543318356961956)	(46, 0.027022848995176693)	(47, 0.026208618734994662)	(48, 0.023049355158221412)	(49, 0.02472683191882855)	(50, 0.032181617322837135)
SRR18306569_1	(1, 31.081643031829792)	(2, 31.07356648719884)	(3, 31.071294548627858)	(4, 31.071294548627858)	(5, 31.071294548627858)	(6, 31.09896492185943)	(7, 31.071294548627858)	(8, 31.071294548627858)	(9, 31.072095636794504)	(10, 31.071294548627858)	(11, 31.071294548627858)	(12, 31.071294548627858)	(13, 31.071294548627858)	(14, 31.071294548627858)	(15, 31.071294548627858)	(16, 31.071294548627858)	(17, 31.071294548627858)	(18, 31.071294548627858)	(19, 31.071294548627858)	(20, 31.071294548627858)	(21, 31.072095636794504)	(22, 31.07140617566747)	(23, 31.07224009531636)	(24, 31.071773888268556)	(25, 31.07407865832178)	(26, 31.0768627680157)	(27, 31.07703349172335)	(28, 31.07959434733804)																						
SRR18306569_2	(1, 0.07274799834660656)	(2, 0.02737488989141644)	(3, 0.02921345289683659)	(4, 0.032995639650843754)	(5, 0.03588481008793256)	(6, 0.04169598244434982)	(7, 0.04425027176259424)	(8, 0.050862532285658846)	(9, 0.059352753592831174)	(10, 0.06245204551625372)	(11, 0.07036443273600829)	(12, 0.06912996900379761)	(13, 0.07184841573324027)	(14, 0.07846724255275281)	(15, 0.08387130452939845)	(16, 0.08270907005811501)	(17, 0.0832934704419807)	(18, 0.07034473384666451)	(19, 0.07197317536575092)	(20, 0.07586042286292495)	(21, 0.06264246811324366)	(22, 0.07857230329591967)	(23, 0.06675953598609521)	(24, 0.06054125324990634)	(25, 0.05281928862714172)	(26, 0.05075090524604406)	(27, 0.051978802681806796)	(28, 0.04869565445784224)	(29, 0.016433319441858264)	(30, 0.01614435178555677)	(31, 0.023388973606321604)	(32, 0.014088565385360357)	(33, 0.013274134590135316)	(34, 0.016709259734473837)	(35, 0.012604207204233806)	(36, 0.01580288612194613)	(37, 0.015474482374952095)	(38, 0.012006517673751651)	(39, 0.010180619961660442)	(40, 0.011546896623747855)	(41, 0.010384839421875135)	(42, 0.012802188970687585)	(43, 0.009327961741167849)	(44, 0.010268602463571098)	(45, 0.011560841045599532)	(46, 0.013441313861784213)	(47, 0.010182259132544252)	(48, 0.009226941396195319)	(49, 0.009309928763068485)	(50, 0.011173013676121262)
SRR18306570_1	(1, 31.097790243938654)	(2, 31.059613510122304)	(3, 31.059752720299443)	(4, 31.05954721956176)	(5, 31.0595273323936)	(6, 31.05979912369182)	(7, 31.0595273323936)	(8, 31.05954059050571)	(9, 31.059586993898087)	(10, 31.0595273323936)	(11, 31.0595273323936)	(12, 31.059533961449652)	(13, 31.0595273323936)	(14, 31.0595273323936)	(15, 31.0595273323936)	(16, 31.0595273323936)	(17, 31.059586993898087)	(18, 31.0595273323936)	(19, 31.059693058794952)	(20, 31.059852156140256)	(21, 31.05973283313128)	(22, 31.059600252010195)	(23, 31.059905188588687)	(24, 31.05973283313128)	(25, 31.061224370743485)	(26, 31.06788657207799)	(27, 31.069464287418903)	(28, 31.075788406894645)																						
SRR18306570_2	(1, 0.03607532304715964)	(2, 0.029863897524339243)	(3, 0.03158082304238671)	(4, 0.034325252248840976)	(5, 0.03984725594202069)	(6, 0.04811368884165466)	(7, 0.049790840023376706)	(8, 0.059535552423105605)	(9, 0.06609831791680057)	(10, 0.07203795214139724)	(11, 0.07680424344439389)	(12, 0.0821671497922719)	(13, 0.08363217118025836)	(14, 0.08933978844295672)	(15, 0.0850773054000821)	(16, 0.09201792708886859)	(17, 0.07966799565982442)	(18, 0.08771566970966856)	(19, 0.08555459743598719)	(20, 0.07876644403644814)	(21, 0.07144133709651587)	(22, 0.07553146468198033)	(23, 0.06995642854036671)	(24, 0.06003936068322764)	(25, 0.05712257601936321)	(26, 0.05088463427232586)	(27, 0.049094789137681775)	(28, 0.04875007822286144)	(29, 0.012459727197621683)	(30, 0.01521824051013399)	(31, 0.011776743186762834)	(32, 0.012983603591882768)	(33, 0.010768833722045791)	(34, 0.01029141071037457)	(35, 0.011862983010404678)	(36, 0.012479677422221173)	(37, 0.009913456519248152)	(38, 0.010218498824938946)	(39, 0.009893608563090621)	(40, 0.00934992429876894)	(41, 0.006711056013842282)	(42, 0.006306610700746681)	(43, 0.008913355223667187)	(44, 0.007840008638601735)	(45, 0.010457419193876305)	(46, 0.009890495147812088)	(47, 0.009966368013846377)	(48, 0.0069231205572941185)	(49, 0.007922949354177018)	(50, 0.01002587465878689)
SRR18306571_1	(1, 31.059440436409698)	(2, 31.048758375167367)	(3, 31.047934441223994)	(4, 31.04776965443532)	(5, 31.04785689449991)	(6, 31.071983619030004)	(7, 31.047789041116342)	(8, 31.04776965443532)	(9, 31.048293094822878)	(10, 31.04776965443532)	(11, 31.04776965443532)	(12, 31.04776965443532)	(13, 31.04776965443532)	(14, 31.04776965443532)	(15, 31.04776965443532)	(16, 31.04776965443532)	(17, 31.04776965443532)	(18, 31.04776965443532)	(19, 31.04776965443532)	(20, 31.04776965443532)	(21, 31.04826401480134)	(22, 31.047818121137873)	(23, 31.04851604165461)	(24, 31.04813800137471)	(25, 31.050600109864323)	(26, 31.053294858526183)	(27, 31.052945898267808)	(28, 31.05639672748947)																						
SRR18306571_2	(1, 0.07973741903758505)	(2, 0.0502211971837744)	(3, 0.05478676056411752)	(4, 0.06654478260309037)	(5, 0.07023794533750806)	(6, 0.07840943138767632)	(7, 0.08263572785015957)	(8, 0.08923689273766205)	(9, 0.10000619404458608)	(10, 0.10525998460115926)	(11, 0.11559308558512058)	(12, 0.11237489653570672)	(13, 0.11595173918400102)	(14, 0.12446249215202919)	(15, 0.12929946906666023)	(16, 0.13066623007861008)	(17, 0.12845614844226563)	(18, 0.11319883047908076)	(19, 0.11526351200777096)	(20, 0.11936379504362052)	(21, 0.09949244699754109)	(22, 0.11956735519433645)	(23, 0.1081389067327132)	(24, 0.09862004635161564)	(25, 0.10507581113146389)	(26, 0.09124341422329056)	(27, 0.08895578586286385)	(28, 0.08557281002477521)	(29, 0.03174183847797448)	(30, 0.028512422542464357)	(31, 0.04350574026529967)	(32, 0.024041739330132553)	(33, 0.024129118715942956)	(34, 0.0281830040968157)	(35, 0.022829686273171064)	(36, 0.027572147766539653)	(37, 0.024817844874213096)	(38, 0.020987042731713826)	(39, 0.01976515926131063)	(40, 0.021287992398780445)	(41, 0.02035792313104276)	(42, 0.030047496964940933)	(43, 0.018176975456039364)	(44, 0.02086639887959758)	(45, 0.023659628202238)	(46, 0.026131531753648237)	(47, 0.018655840356770738)	(48, 0.019659739581912198)	(49, 0.019511314471895722)	(50, 0.023469490096424343)
SRR18306572_1	(1, 31.053301361999157)	(2, 31.02262482517305)	(3, 31.022331737241586)	(4, 31.022224271666722)	(5, 31.022146114884997)	(6, 31.022146114884997)	(7, 31.022146114884997)	(8, 31.022146114884997)	(9, 31.022175423678146)	(10, 31.022146114884997)	(11, 31.022146114884997)	(12, 31.02226335005758)	(13, 31.022146114884997)	(14, 31.022146114884997)	(15, 31.022146114884997)	(16, 31.022146114884997)	(17, 31.022253580459868)	(18, 31.022146114884997)	(19, 31.022146114884997)	(20, 31.022273119655296)	(21, 31.022253580459868)	(22, 31.02237081563245)	(23, 31.022478281207317)	(24, 31.022214502069005)	(25, 31.023758098508026)	(26, 31.03074336087448)	(27, 31.03281451559013)	(28, 31.038187794333556)																						
SRR18306572_2	(1, 0.05611656927680357)	(2, 0.055540163011599634)	(3, 0.06299436606838953)	(4, 0.07297889493344754)	(5, 0.08310996776423538)	(6, 0.0918439881217323)	(7, 0.09344620214704495)	(8, 0.10593174802722513)	(9, 0.11134410516151294)	(10, 0.11910116574747778)	(11, 0.12467960604292605)	(12, 0.12909546421025112)	(13, 0.1312350061099064)	(14, 0.13667667203734019)	(15, 0.13385325829761244)	(16, 0.13982248250167353)	(17, 0.1264674424248298)	(18, 0.1340681894473495)	(19, 0.13147924605278943)	(20, 0.12416181736401403)	(21, 0.11607259045572829)	(22, 0.11936494488579145)	(23, 0.11516401786820345)	(24, 0.11024991021739698)	(25, 0.10625414475183073)	(26, 0.0952828865175253)	(27, 0.09311403582472404)	(28, 0.09329965818131514)	(29, 0.031015817382620818)	(30, 0.033518226085273536)	(31, 0.029246631407793253)	(32, 0.029618206653754562)	(33, 0.02759486553685747)	(34, 0.02650008724207991)	(35, 0.027917561084327455)	(36, 0.029295866946520237)	(37, 0.025913704918853253)	(38, 0.026539342987528462)	(39, 0.026392835459536898)	(40, 0.024760612385760758)	(41, 0.022093156478593296)	(42, 0.02215207073959762)	(43, 0.025614373456782885)	(44, 0.022488921272935523)	(45, 0.025794158312747076)	(46, 0.02660398948217102)	(47, 0.02603698235507359)	(48, 0.023029661821605953)	(49, 0.02457657000530638)	(50, 0.03175935318045469)
SRR18306573_1	(1, 31.080925002669623)	(2, 31.07235704360297)	(3, 31.070546638692846)	(4, 31.070546638692846)	(5, 31.070546638692846)	(6, 31.098670843312746)	(7, 31.070546638692846)	(8, 31.070546638692846)	(9, 31.071175923822036)	(10, 31.070546638692846)	(11, 31.070546638692846)	(12, 31.070546638692846)	(13, 31.070546638692846)	(14, 31.070546638692846)	(15, 31.070546638692846)	(16, 31.070546638692846)	(17, 31.070546638692846)	(18, 31.070546638692846)	(19, 31.070546638692846)	(20, 31.070546638692846)	(21, 31.07135018739627)	(22, 31.070711220957403)	(23, 31.071592220138267)	(24, 31.071011341557476)	(25, 31.073228361474158)	(26, 31.075977853423232)	(27, 31.07648128152658)	(28, 31.07883383977878)																						
SRR18306573_2	(1, 0.07149647198553304)	(2, 0.026739777335686152)	(3, 0.02877285236845012)	(4, 0.03259696969198236)	(5, 0.035327099021693974)	(6, 0.041184291377990186)	(7, 0.04346908046242969)	(8, 0.0508268758190993)	(9, 0.05991762560845821)	(10, 0.06164089873146768)	(11, 0.07017981386907635)	(12, 0.06854367253318534)	(13, 0.0719999000888841)	(14, 0.0780894438774962)	(15, 0.08419835028546793)	(16, 0.08292041740773058)	(17, 0.08327862586588423)	(18, 0.06947307826244889)	(19, 0.07165137294041028)	(20, 0.07526250145098629)	(21, 0.06173771182826596)	(22, 0.0790769374648387)	(23, 0.06696561905537332)	(24, 0.059723999414861645)	(25, 0.05316975276161779)	(26, 0.05039121688350703)	(27, 0.05168851238060404)	(28, 0.04844527363786151)	(29, 0.016762751481218117)	(30, 0.016249522948674457)	(31, 0.023483391722244836)	(32, 0.014574247024674733)	(33, 0.012966735916202543)	(34, 0.016859674921064088)	(35, 0.013092659521031391)	(36, 0.01565890129130253)	(37, 0.015552379659346718)	(38, 0.012385740574804885)	(39, 0.010429626025761467)	(40, 0.011485278990596984)	(41, 0.0099847284981874)	(42, 0.012861169581978093)	(43, 0.009133158644321581)	(44, 0.010103008061677363)	(45, 0.011550801724480432)	(46, 0.014268829204248443)	(47, 0.009855839580076894)	(48, 0.009501581184873124)	(49, 0.009538914972510045)	(50, 0.010971435434762618)
SRR18306574_1	(1, 31.079494575711898)	(2, 31.040572240313214)	(3, 31.040699118537933)	(4, 31.040523440996015)	(5, 31.040494161405697)	(6, 31.040816236899214)	(7, 31.040494161405697)	(8, 31.040494161405697)	(9, 31.040542960722895)	(10, 31.040494161405697)	(11, 31.040494161405697)	(12, 31.040533200859453)	(13, 31.040494161405697)	(14, 31.040494161405697)	(15, 31.040494161405697)	(16, 31.040494161405697)	(17, 31.040601519903532)	(18, 31.040494161405697)	(19, 31.040660079084176)	(20, 31.040865036216413)	(21, 31.040708878401375)	(22, 31.040640559357293)	(23, 31.040884555943293)	(24, 31.04077719744545)	(25, 31.042192377644252)	(26, 31.049492755497365)	(27, 31.05133736968752)	(28, 31.057456804064397)																						
SRR18306574_2	(1, 0.03683372462252508)	(2, 0.030343415434931235)	(3, 0.032041631673489626)	(4, 0.03509646893020673)	(5, 0.040835268632921286)	(6, 0.048740758019313796)	(7, 0.050761049751391875)	(8, 0.06076490977738239)	(9, 0.06682578497361666)	(10, 0.07314041661929066)	(11, 0.07777635175328627)	(12, 0.08329067459688104)	(13, 0.08465705547847975)	(14, 0.09083504903599389)	(15, 0.0863845513073581)	(16, 0.09337261353039149)	(17, 0.08095806723472325)	(18, 0.08905875388991558)	(19, 0.08645287035143805)	(20, 0.07999184075416417)	(21, 0.07239866699785137)	(22, 0.07624405319320772)	(23, 0.07074925007649294)	(24, 0.06060875196234254)	(25, 0.05716352016802581)	(26, 0.051756555822270935)	(27, 0.05052681302883211)	(28, 0.04994122122243265)	(29, 0.013082203195318368)	(30, 0.015649837282696203)	(31, 0.012320716249511492)	(32, 0.013482508519803132)	(33, 0.011129664891647831)	(34, 0.010661060953249197)	(35, 0.012096215583264578)	(36, 0.012789386722546849)	(37, 0.010133883439838365)	(38, 0.01034867517920049)	(39, 0.010377996304730385)	(40, 0.009206521810230642)	(41, 0.006697772580549257)	(42, 0.006053454345140238)	(43, 0.008582729653682465)	(44, 0.007997912535062887)	(45, 0.010316335379764723)	(46, 0.009407736073298978)	(47, 0.009700038829638718)	(48, 0.006711328360041134)	(49, 0.008007766886351441)	(50, 0.009896920660462266)
SRR18306575_1	(1, 31.04429167250644)	(2, 31.034261443006727)	(3, 31.033500220232195)	(4, 31.03333603492789)	(5, 31.033388275706532)	(6, 31.056956329843498)	(7, 31.03335096086464)	(8, 31.03333603492789)	(9, 31.033776350062176)	(10, 31.03333603492789)	(11, 31.03333603492789)	(12, 31.03333603492789)	(13, 31.03333603492789)	(14, 31.03333603492789)	(15, 31.03333603492789)	(16, 31.03333603492789)	(17, 31.03333603492789)	(18, 31.03333603492789)	(19, 31.03333603492789)	(20, 31.03333603492789)	(21, 31.03405247989215)	(22, 31.033410664611665)	(23, 31.03405994286053)	(24, 31.033746498188663)	(25, 31.03632122227899)	(26, 31.038948187147962)	(27, 31.038545186855565)	(28, 31.042164726518777)																						
SRR18306575_2	(1, 0.08019705818742111)	(2, 0.051531796648440605)	(3, 0.056136448137519224)	(4, 0.06732343773578316)	(5, 0.07136090362815192)	(6, 0.07934627979235634)	(7, 0.08360017176768018)	(8, 0.0898765281733773)	(9, 0.1013023327597296)	(10, 0.10625774376256299)	(11, 0.11661634387089542)	(12, 0.11272067437770412)	(13, 0.11748204820271571)	(14, 0.12632566573036266)	(15, 0.13029596490733159)	(16, 0.13254978135741544)	(17, 0.129907890551688)	(18, 0.11409386055921215)	(19, 0.11634767700929602)	(20, 0.12111651380268537)	(21, 0.10077246200490854)	(22, 0.12118368051808523)	(23, 0.10926532001880071)	(24, 0.09973510940039976)	(25, 0.10664581811820656)	(26, 0.09158554793188459)	(27, 0.08980936145797744)	(28, 0.08724210033602761)	(29, 0.032069474952134726)	(30, 0.02832128054897737)	(31, 0.04295612830061435)	(32, 0.0236622096740581)	(33, 0.024184966985914703)	(34, 0.027574912966914288)	(35, 0.02251999657719946)	(36, 0.027082257484992385)	(37, 0.02470033852456097)	(38, 0.021377603216003918)	(39, 0.01971259190342622)	(40, 0.021273373830151113)	(41, 0.020430710135192907)	(42, 0.029690583940455744)	(43, 0.018251573899532404)	(44, 0.0205617933050562)	(45, 0.023708355988773314)	(46, 0.026358348782586853)	(47, 0.018604782624350797)	(48, 0.019964659320482733)	(49, 0.019631931824195308)	(50, 0.024174424482859863)
SRR18306576_1	(1, 30.9682846979923)	(2, 30.957892015414746)	(3, 30.95712954363501)	(4, 30.957014211769167)	(5, 30.95705265572445)	(6, 30.980996832538448)	(7, 30.957039841072685)	(8, 30.957014211769167)	(9, 30.9575203905137)	(10, 30.957014211769167)	(11, 30.957014211769167)	(12, 30.957014211769167)	(13, 30.957014211769167)	(14, 30.957014211769167)	(15, 30.957014211769167)	(16, 30.957014211769167)	(17, 30.957014211769167)	(18, 30.957014211769167)	(19, 30.957014211769167)	(20, 30.957014211769167)	(21, 30.95757164912074)	(22, 30.95710391433149)	(23, 30.957802312852422)	(24, 30.957449909929018)	(25, 30.959935952370504)	(26, 30.962351514227304)	(27, 30.962370736204946)	(28, 30.965638472403807)																						
SRR18306577_1	(1, 30.965414619533)	(2, 30.935486244826272)	(3, 30.93524287759729)	(4, 30.93502848265748)	(5, 30.93493577133215)	(6, 30.934953154705653)	(7, 30.93493577133215)	(8, 30.93493577133215)	(9, 30.934987921452645)	(10, 30.93493577133215)	(11, 30.93493577133215)	(12, 30.935045866030976)	(13, 30.93493577133215)	(14, 30.93493577133215)	(15, 30.93493577133215)	(16, 30.93493577133215)	(17, 30.935005304826145)	(18, 30.93493577133215)	(19, 30.934947360247815)	(20, 30.934987921452645)	(21, 30.935069043862306)	(22, 30.935225494223793)	(23, 30.935370355669615)	(24, 30.93505745494664)	(25, 30.936575602898852)	(26, 30.943975125551415)	(27, 30.945626546033782)	(28, 30.951438387240138)																						
SRR18306577_2	(1, 0.056206240978753465)	(2, 0.055800628930453185)	(3, 0.06418520941460332)	(4, 0.07386195399548148)	(5, 0.08403702194998572)	(6, 0.09228832990398005)	(7, 0.0943975125551415)	(8, 0.10646736822099134)	(9, 0.11194313087304518)	(10, 0.11968452653774772)	(11, 0.12488794967165705)	(12, 0.1300160448537392)	(13, 0.13195139376991483)	(14, 0.13764155136178452)	(15, 0.1346284332886967)	(16, 0.1403591520853964)	(17, 0.12718255497347009)	(18, 0.1341532877464021)	(19, 0.13199195497474486)	(20, 0.12432009280403664)	(21, 0.11665402509116131)	(22, 0.11974826557390919)	(23, 0.11521699954861174)	(24, 0.11075526701730862)	(25, 0.10757410966706782)	(26, 0.09623435568815851)	(27, 0.09381227231402253)	(28, 0.09376012219352678)	(29, 0.03157964918586887)	(30, 0.034472678749767664)	(31, 0.029625905401875118)	(32, 0.030733349551296574)	(33, 0.028483925250712753)	(34, 0.027312838210886765)	(35, 0.02857102770241744)	(36, 0.030188611860721214)	(37, 0.026779573383249204)	(38, 0.02727823720784022)	(39, 0.026872542227721573)	(40, 0.02545813629512746)	(41, 0.02272267116102819)	(42, 0.022560603573550903)	(43, 0.025832237275274755)	(44, 0.023225578825787803)	(45, 0.02650688662722058)	(46, 0.02697746095571532)	(47, 0.026346155440332236)	(48, 0.02325676963110923)	(49, 0.02507952172639545)	(50, 0.03254995292376489)
SRR18306578_2	(1, 0.07209203914793934)	(2, 0.027187981340290032)	(3, 0.02887468033038188)	(4, 0.03270130695076032)	(5, 0.03523709250729297)	(6, 0.04127822868609132)	(7, 0.04366485038635733)	(8, 0.050451805846488826)	(9, 0.05940737429388125)	(10, 0.061616146780906295)	(11, 0.06971115451906819)	(12, 0.0681850935280327)	(13, 0.07173634072145739)	(14, 0.07852329618158886)	(15, 0.08386450965021305)	(16, 0.08282609972774155)	(17, 0.08298100065540304)	(18, 0.06947019752048364)	(19, 0.07195434943446245)	(20, 0.07459340227610275)	(21, 0.061880052065070315)	(22, 0.07941254224779375)	(23, 0.06652134282352033)	(24, 0.05972865029199399)	(25, 0.052781056832806136)	(26, 0.05054359898880674)	(27, 0.05135252605548345)	(28, 0.048053710003433066)	(29, 0.016544408480584593)	(30, 0.015752504002541978)	(31, 0.022862683417943626)	(32, 0.013531695672967725)	(33, 0.012768473657232876)	(34, 0.016326435983212408)	(35, 0.012630756448600856)	(36, 0.015695197091791884)	(37, 0.014868835466034697)	(38, 0.01213150551983501)	(39, 0.0100254584667407)	(40, 0.01150612013686372)	(41, 0.009865246132439007)	(42, 0.012401990700286065)	(43, 0.009280475601130324)	(44, 0.00987847864081777)	(45, 0.011541957254102907)	(46, 0.01379674214078644)	(47, 0.009794005202090197)	(48, 0.009070748582473503)	(49, 0.009088662059329388)	(50, 0.010850492479407867)
SRR18306579_1	(1, 31.006119695204003)	(2, 30.967264763425778)	(3, 30.96744435234558)	(4, 30.967189451943277)	(5, 30.967160485988472)	(6, 30.967386420435965)	(7, 30.967160485988472)	(8, 30.967177865561357)	(9, 30.96724159066193)	(10, 30.967160485988472)	(11, 30.967160485988472)	(12, 30.967195245134242)	(13, 30.967160485988472)	(14, 30.967160485988472)	(15, 30.967160485988472)	(16, 30.967160485988472)	(17, 30.967282142998663)	(18, 30.967160485988472)	(19, 30.967403800008853)	(20, 30.967606561692502)	(21, 30.967369040863087)	(22, 30.967316902144432)	(23, 30.967484904682312)	(24, 30.967369040863087)	(25, 30.968892650085937)	(26, 30.975960343058865)	(27, 30.97758243652806)	(28, 30.98366528703755)																						
SRR18306579_2	(1, 0.036381239237699495)	(2, 0.02995079727052649)	(3, 0.0316134430764532)	(4, 0.034504245366200344)	(5, 0.04014681336262062)	(6, 0.04745782035592901)	(7, 0.04986778779587854)	(8, 0.059565589465290794)	(9, 0.0660365837691937)	(10, 0.07237433468098405)	(11, 0.07648750026359019)	(12, 0.0817708904204026)	(13, 0.08371160939247733)	(14, 0.0889486540215984)	(15, 0.08507300926841035)	(16, 0.0919263541757668)	(17, 0.08003872632293887)	(18, 0.08752932223605121)	(19, 0.08531632328878988)	(20, 0.07846877157239483)	(21, 0.07173129048426674)	(22, 0.07498127061362174)	(23, 0.06957043025565815)	(24, 0.059803110294708896)	(25, 0.05696444672361451)	(26, 0.051066978324891876)	(27, 0.04979826950434153)	(28, 0.04888873852339905)	(29, 0.01241274066417898)	(30, 0.015008873779312069)	(31, 0.011723157547589616)	(32, 0.013409498201394553)	(33, 0.011027780445062212)	(34, 0.01051203825408373)	(35, 0.011543545271935966)	(36, 0.012777876066655659)	(37, 0.010146969964679156)	(38, 0.010419343818932898)	(39, 0.010112249445840039)	(40, 0.008930155750956558)	(41, 0.006855843119764451)	(42, 0.006056152764338174)	(43, 0.00878042605988726)	(44, 0.008010539597946264)	(45, 0.010309985545724988)	(46, 0.009676967499611498)	(47, 0.009569100487633193)	(48, 0.006971725289150214)	(49, 0.007688304580593038)	(50, 0.009463401744001908)
SRR18306580_1	(1, 30.970878313786756)	(2, 30.96097484203409)	(3, 30.96014129497074)	(4, 30.960007227960553)	(5, 30.96008300496631)	(6, 30.984034367786613)	(7, 30.96003637296276)	(8, 30.960007227960553)	(9, 30.96057264100352)	(10, 30.960007227960553)	(11, 30.960007227960553)	(12, 30.960007227960553)	(13, 30.960007227960553)	(14, 30.960007227960553)	(15, 30.960007227960553)	(16, 30.960007227960553)	(17, 30.960007227960553)	(18, 30.960007227960553)	(19, 30.960007227960553)	(20, 30.960007227960553)	(21, 30.960630931007948)	(22, 30.960100491967633)	(23, 30.960747511016812)	(24, 30.96043274499289)	(25, 30.96289841218028)	(26, 30.96557975238406)	(27, 30.965393224369887)	(28, 30.968290237590058)																						
SRR18306580_2	(1, 0.07992725407447131)	(2, 0.051050385879829324)	(3, 0.055597006225372475)	(4, 0.0666138170626501)	(5, 0.07088647438737206)	(6, 0.07882557299074354)	(7, 0.08296999230571941)	(8, 0.0893002867868218)	(9, 0.1004453356338455)	(10, 0.10499195597938865)	(11, 0.11533843176572081)	(12, 0.11154375247732519)	(13, 0.11612534682552636)	(14, 0.12524190351838468)	(15, 0.1290365828067803)	(16, 0.13124577397467882)	(17, 0.12840122175849286)	(18, 0.11253468255263588)	(19, 0.1157348037958451)	(20, 0.12003660612278205)	(21, 0.0995651565669519)	(22, 0.11988505211126396)	(23, 0.10858844925272214)	(24, 0.09860337149385624)	(25, 0.10545244701438597)	(26, 0.09086245890554688)	(27, 0.08960922381030101)	(28, 0.08664809158525497)	(29, 0.03202877691128752)	(30, 0.02824394181153132)	(31, 0.04268964100286365)	(32, 0.02422008187122498)	(33, 0.024208537979848534)	(34, 0.027952683740490154)	(35, 0.022447420896898395)	(36, 0.02655900607497898)	(37, 0.024488642845128902)	(38, 0.02136851829387778)	(39, 0.01943238085506908)	(40, 0.020861374736017877)	(41, 0.02010995854712315)	(42, 0.029488690830440263)	(43, 0.018116501000228002)	(44, 0.020352908584639836)	(45, 0.023150547302981665)	(46, 0.026389073322890262)	(47, 0.01840360203238247)	(48, 0.019598932547177646)	(49, 0.019049021678678082)	(50, 0.02348106480834877)
SRR18306581_1	(1, 30.967382768965784)	(2, 30.937533889075908)	(3, 30.937321944366637)	(4, 30.93712177436343)	(5, 30.93703346406789)	(6, 30.937062900833073)	(7, 30.93703346406789)	(8, 30.93703346406789)	(9, 30.937068788186107)	(10, 30.93703346406789)	(11, 30.93703346406789)	(12, 30.937157098481638)	(13, 30.93703346406789)	(14, 30.93703346406789)	(15, 30.93703346406789)	(16, 30.93703346406789)	(17, 30.937068788186107)	(18, 30.93703346406789)	(19, 30.937039351420932)	(20, 30.937062900833073)	(21, 30.937157098481638)	(22, 30.937280732895385)	(23, 30.93747501554556)	(24, 30.937145323775567)	(25, 30.938658373505685)	(26, 30.946070550977357)	(27, 30.948036926891202)	(28, 30.953606362862768)																						
SRR18306581_2	(1, 0.05621244678274408)	(2, 0.056053488250786175)	(3, 0.06443119162027137)	(4, 0.07426895854255514)	(5, 0.08417737370126464)	(6, 0.09237845647968551)	(7, 0.0946862988695929)	(8, 0.10614897522966858)	(9, 0.11210108914853686)	(10, 0.11944261838377794)	(11, 0.12471768670356624)	(12, 0.1290154544194652)	(13, 0.13160588975507553)	(14, 0.13706346601896363)	(15, 0.13424342391496966)	(16, 0.14026618607026367)	(17, 0.12693133144490595)	(18, 0.13416688832550847)	(19, 0.13131740945633708)	(20, 0.12461760170196312)	(21, 0.11673443598745806)	(22, 0.11954859073841655)	(23, 0.11499766684199203)	(24, 0.11000519146790667)	(25, 0.10726168495337393)	(26, 0.09631709566042031)	(27, 0.09378553385516476)	(28, 0.09376787179605832)	(29, 0.031331996878463664)	(30, 0.03410648835001292)	(31, 0.0288874945187982)	(32, 0.03024241944068018)	(33, 0.02812189066522291)	(34, 0.02692612986217368)	(35, 0.028116167308690775)	(36, 0.029435696434027665)	(37, 0.026549277272946835)	(38, 0.02704414185951302)	(39, 0.026408081497354127)	(40, 0.025147680030792215)	(41, 0.02261572044118269)	(42, 0.02242155636470576)	(43, 0.025775005820732742)	(44, 0.02302651212978091)	(45, 0.026254132933387124)	(46, 0.026737216884089237)	(47, 0.026031971341462654)	(48, 0.0231781314147788)	(49, 0.024765673238003532)	(50, 0.03239032130776713)
SRR18306582_1	(1, 30.97285441378352)	(2, 30.964442668890534)	(3, 30.962328082051094)	(4, 30.962328082051094)	(5, 30.962328082051094)	(6, 30.989596349256114)	(7, 30.962328082051094)	(8, 30.962328082051094)	(9, 30.96300381779042)	(10, 30.962328082051094)	(11, 30.962328082051094)	(12, 30.962328082051094)	(13, 30.962328082051094)	(14, 30.962328082051094)	(15, 30.962328082051094)	(16, 30.962328082051094)	(17, 30.962328082051094)	(18, 30.962328082051094)	(19, 30.962328082051094)	(20, 30.96233390735919)	(21, 30.963108673336176)	(22, 30.962427112288754)	(23, 30.963452366513938)	(24, 30.96275915485032)	(25, 30.96511257932176)	(26, 30.967477654409404)	(27, 30.967891251284335)	(28, 30.97031457945295)																						
SRR18306582_2	(1, 0.07158138590370976)	(2, 0.027472152988435482)	(3, 0.029120715180065513)	(4, 0.03322173208079889)	(5, 0.03597127750288149)	(6, 0.0416859047466591)	(7, 0.04423156438532456)	(8, 0.05130348841585057)	(9, 0.05990746847605396)	(10, 0.06234827256896203)	(11, 0.07080079461862698)	(12, 0.06862795469821001)	(13, 0.07162216306039319)	(14, 0.07874068955570025)	(15, 0.08440871433469681)	(16, 0.08292326076980049)	(17, 0.08359317120102824)	(18, 0.06996777556066551)	(19, 0.0718376994600056)	(20, 0.07547269171292835)	(21, 0.06167253682963665)	(22, 0.07924166605209666)	(23, 0.06671142833408887)	(24, 0.06065893322064858)	(25, 0.05326661724475276)	(26, 0.05090154215711391)	(27, 0.0521656340143002)	(28, 0.049130648495433596)	(29, 0.01668237498051635)	(30, 0.015849157046267187)	(31, 0.023383355339597643)	(32, 0.013868041506232462)	(33, 0.013174654016745736)	(34, 0.016828140286556194)	(35, 0.012615285647359356)	(36, 0.016356174193546506)	(37, 0.01537725463387654)	(38, 0.012230717362164651)	(39, 0.010127230175742987)	(40, 0.011683108189252835)	(41, 0.010331700617734304)	(42, 0.012668548806662327)	(43, 0.009329988523706183)	(44, 0.01003631022806087)	(45, 0.011153916703972718)	(46, 0.014084633647179986)	(47, 0.009927070646420684)	(48, 0.009511023378299873)	(49, 0.009621735442285236)	(50, 0.01090527441908961)
SRR18306583_1	(1, 30.967571400454695)	(2, 30.928373069992247)	(3, 30.928544061506003)	(4, 30.9283141074013)	(5, 30.92829641862402)	(6, 30.928502787692334)	(7, 30.92829641862402)	(8, 30.92830821114221)	(9, 30.92842024006501)	(10, 30.92829641862402)	(11, 30.92829641862402)	(12, 30.92830821114221)	(13, 30.92829641862402)	(14, 30.92829641862402)	(15, 30.92829641862402)	(16, 30.92829641862402)	(17, 30.928396655028628)	(18, 30.92829641862402)	(19, 30.928455617619576)	(20, 30.92871505301975)	(21, 30.928473306396864)	(22, 30.928473306396864)	(23, 30.92869736424247)	(24, 30.928544061506003)	(25, 30.930124258943415)	(26, 30.93746510151648)	(27, 30.93848515433989)	(28, 30.94503000193515)																						
SRR18306583_2	(1, 0.03735869762485712)	(2, 0.031037907875196953)	(3, 0.03264169034899132)	(4, 0.03552496104636429)	(5, 0.040973104449989285)	(6, 0.04885050660068516)	(7, 0.051096981315816255)	(8, 0.06046613701750469)	(9, 0.06735886389936359)	(10, 0.07288955493031625)	(11, 0.07766552479713036)	(12, 0.08221154055924602)	(13, 0.08448749656985127)	(14, 0.08913374873657909)	(15, 0.08544858680230892)	(16, 0.09213494461584869)	(17, 0.0804721441262705)	(18, 0.0884792639770527)	(19, 0.08567264464791255)	(20, 0.07964077159389917)	(21, 0.07267139334380744)	(22, 0.07569617425945639)	(23, 0.07007114308298643)	(24, 0.06122085818164322)	(25, 0.057859990497588845)	(26, 0.05184580622085994)	(27, 0.050471977851764036)	(28, 0.05004155093784129)	(29, 0.012474470833242159)	(30, 0.014751135486495811)	(31, 0.011613359244080608)	(32, 0.01304661143758441)	(33, 0.010858416511398978)	(34, 0.010380677736755096)	(35, 0.011802131166443963)	(36, 0.012734037332729365)	(37, 0.009861657227904668)	(38, 0.010215555896991572)	(39, 0.010062247326854293)	(40, 0.009177599767469348)	(41, 0.00674784887248695)	(42, 0.006040104880758656)	(43, 0.008683093285916094)	(44, 0.007793237676109621)	(45, 0.010062694422469801)	(46, 0.009701419036370219)	(47, 0.009881755648293352)	(48, 0.006882717459944988)	(49, 0.0077472388213745405)	(50, 0.009625047970992291)
SRR18306584_1	(1, 30.972151944221803)	(2, 30.94247952936228)	(3, 30.942298560593805)	(4, 30.942098202314423)	(5, 30.942040033781698)	(6, 30.94206588646291)	(7, 30.942040033781698)	(8, 30.942040033781698)	(9, 30.94207234963321)	(10, 30.942040033781698)	(11, 30.942040033781698)	(12, 30.942208076209564)	(13, 30.942040033781698)	(14, 30.942040033781698)	(15, 30.942040033781698)	(16, 30.942040033781698)	(17, 30.94206588646291)	(18, 30.942040033781698)	(19, 30.94206588646291)	(20, 30.942085275973817)	(21, 30.942201613039266)	(22, 30.942298560593805)	(23, 30.942434287170162)	(24, 30.942156370847147)	(25, 30.943688142208874)	(26, 30.950726534668476)	(27, 30.95245866430959)	(28, 30.95828198075229)																						
SRR18306584_2	(1, 0.05656566648890794)	(2, 0.05616494993014282)	(3, 0.06441195523634101)	(4, 0.07371892047217596)	(5, 0.08343306543707868)	(6, 0.0924815038608071)	(7, 0.09431058105646077)	(8, 0.10646780439577018)	(9, 0.11204552036696847)	(10, 0.12017618860771873)	(11, 0.1250041768238081)	(12, 0.1296511962714229)	(13, 0.13171294759797247)	(14, 0.13767845378733054)	(15, 0.13412371012086582)	(16, 0.14094881796047812)	(17, 0.1270723913206603)	(18, 0.13537756515958246)	(19, 0.13148027346707658)	(20, 0.12495893463168946)	(21, 0.11675070834730726)	(22, 0.11950401889624174)	(23, 0.11563904305524919)	(24, 0.11055252802705327)	(25, 0.1074954484738936)	(26, 0.09608795288969313)	(27, 0.09338634770317994)	(28, 0.09326354746742933)	(29, 0.030742840536291196)	(30, 0.033303676894064174)	(31, 0.028201475323224087)	(32, 0.029630737123756894)	(33, 0.02727042098300135)	(34, 0.026009428708912527)	(35, 0.02758094781846343)	(36, 0.028919598214176008)	(37, 0.025660331578303754)	(38, 0.02622944882913254)	(39, 0.025783347837409577)	(40, 0.024503091340786008)	(41, 0.021891486520535443)	(42, 0.021730098721908026)	(43, 0.025049236657982976)	(44, 0.022309476488631998)	(45, 0.025527966226727164)	(46, 0.02618445973692327)	(47, 0.025601333457042727)	(48, 0.022330644048599805)	(49, 0.024310217259510207)	(50, 0.03139757377827336)
SRR18306585_1	(1, 30.97986110964362)	(2, 30.97208713283248)	(3, 30.969903503431663)	(4, 30.969903503431663)	(5, 30.969903503431663)	(6, 30.997791204430424)	(7, 30.969903503431663)	(8, 30.969903503431663)	(9, 30.97071676130235)	(10, 30.969903503431663)	(11, 30.969903503431663)	(12, 30.969903503431663)	(13, 30.969903503431663)	(14, 30.969903503431663)	(15, 30.969903503431663)	(16, 30.969903503431663)	(17, 30.969903503431663)	(18, 30.969903503431663)	(19, 30.969903503431663)	(20, 30.96991631064222)	(21, 30.97061430361785)	(22, 30.970025171931997)	(23, 30.9709344838819)	(24, 30.970313334169646)	(25, 30.9727210897553)	(26, 30.97520568860433)	(27, 30.97519928499905)	(28, 30.977920817243476)																						
SRR18306585_2	(1, 0.07226468559610809)	(2, 0.027183304417853688)	(3, 0.028752187711699188)	(4, 0.03270321217007745)	(5, 0.03589861120529747)	(6, 0.04157860908954629)	(7, 0.044114436780823094)	(8, 0.05144016122228944)	(9, 0.059732830061187084)	(10, 0.06296665072809313)	(11, 0.0704332544857415)	(12, 0.06881314234964798)	(13, 0.07214942070105006)	(14, 0.07813679163878696)	(15, 0.08436109597192096)	(16, 0.08297791723122452)	(17, 0.08397687965506084)	(18, 0.06999140572135237)	(19, 0.0728794317030843)	(20, 0.07562017476335317)	(21, 0.06260164522707601)	(22, 0.07908452522037528)	(23, 0.06719943381883547)	(24, 0.060674160037494394)	(25, 0.05333562838546604)	(26, 0.0509919088526193)	(27, 0.052086925355670645)	(28, 0.04875705060954958)	(29, 0.01716625045982172)	(30, 0.016237502327535465)	(31, 0.02341149784457289)	(32, 0.014418421964886945)	(33, 0.013457635510735201)	(34, 0.016814045242784566)	(35, 0.012708230994388971)	(36, 0.01637850238612425)	(37, 0.01575718460361649)	(38, 0.012592941803442496)	(39, 0.010511231452576604)	(40, 0.011657863485137506)	(41, 0.010473324442644583)	(42, 0.012830749727674864)	(43, 0.009641183960452313)	(44, 0.01045595792912065)	(45, 0.011921449186745656)	(46, 0.014302157688057815)	(47, 0.010448165682625745)	(48, 0.009656161982943424)	(49, 0.009913382002035152)	(50, 0.011599062206736408)
SRR18306586_1	(1, 31.01051415357872)	(2, 30.971554157144173)	(3, 30.971702933487855)	(4, 30.971483003240674)	(5, 30.971470066167306)	(6, 30.97172880763458)	(7, 30.971470066167306)	(8, 30.97152181446076)	(9, 30.971605905437627)	(10, 30.971470066167306)	(11, 30.971470066167306)	(12, 30.971502408850714)	(13, 30.971470066167306)	(14, 30.971470066167306)	(15, 30.971470066167306)	(16, 30.971470066167306)	(17, 30.9715800312909)	(18, 30.971470066167306)	(19, 30.971677059341125)	(20, 30.971812898611446)	(21, 30.971670590804447)	(22, 30.971638248121035)	(23, 30.97183877275817)	(24, 30.971592968364263)	(25, 30.97323597668144)	(26, 30.98026727605457)	(27, 30.981709759734617)	(28, 30.98795189763256)																						
SRR18306586_2	(1, 0.03736873641081728)	(2, 0.030900199729007125)	(3, 0.032510865362777856)	(4, 0.035525203456501384)	(5, 0.04096524280590373)	(6, 0.04883745194766669)	(7, 0.05084269831902784)	(8, 0.06023501358101619)	(9, 0.06745390051791632)	(10, 0.07290040840400047)	(11, 0.07728607627426777)	(12, 0.08192401707512564)	(13, 0.0847572361417585)	(14, 0.08963451279984336)	(15, 0.08570164249730279)	(16, 0.0922089903992038)	(17, 0.08057856144530913)	(18, 0.08866423229757184)	(19, 0.08559167737371201)	(20, 0.07986702241031002)	(21, 0.07193659643841076)	(22, 0.07592121503440583)	(23, 0.07050704983173073)	(24, 0.06105004920292427)	(25, 0.05804217964588255)	(26, 0.05182591589466298)	(27, 0.05076507587884612)	(28, 0.05027346709102855)	(29, 0.012455786003772971)	(30, 0.01525106047281652)	(31, 0.012041682468274436)	(32, 0.013141691962752135)	(33, 0.010831709655310929)	(34, 0.010547019551391906)	(35, 0.01175055436604918)	(36, 0.01284408644348411)	(37, 0.010178212542819023)	(38, 0.010281753698357805)	(39, 0.009731788920863021)	(40, 0.009194805510775004)	(41, 0.006645662834657979)	(42, 0.0062380581468554075)	(43, 0.00903403748348991)	(44, 0.007870108518829397)	(45, 0.010262459986118161)	(46, 0.0095477212674681)	(47, 0.009818154999936152)	(48, 0.006956787400977609)	(49, 0.007571063781019336)	(50, 0.009876082676424197)
SRR18306587_1	(1, 30.96404232646891)	(2, 30.95422892969544)	(3, 30.95333680271603)	(4, 30.95320463575612)	(5, 30.953287240106064)	(6, 30.97697816767031)	(7, 30.953237677496098)	(8, 30.95320463575612)	(9, 30.95355157402589)	(10, 30.95320463575612)	(11, 30.95320463575612)	(12, 30.95320463575612)	(13, 30.95320463575612)	(14, 30.95320463575612)	(15, 30.95320463575612)	(16, 30.95320463575612)	(17, 30.95320463575612)	(18, 30.95320463575612)	(19, 30.95320463575612)	(20, 30.95320463575612)	(21, 30.953716782725778)	(22, 30.953270719236077)	(23, 30.9539811166456)	(24, 30.95355157402589)	(25, 30.956079267134207)	(26, 30.958408709802658)	(27, 30.958293063712734)	(28, 30.961365945530687)																						
SRR18306587_2	(1, 0.07938278029721045)	(2, 0.050752112606249844)	(3, 0.05570837360295393)	(4, 0.06765296260501079)	(5, 0.07237793142186869)	(6, 0.08022534466665014)	(7, 0.08491727174353002)	(8, 0.09027003361997042)	(9, 0.10206593479212617)	(10, 0.10627875663932462)	(11, 0.1170338430021725)	(12, 0.11382879422430385)	(13, 0.11837203347128258)	(14, 0.1267150728157345)	(15, 0.13104354075285604)	(16, 0.13320777472141682)	(17, 0.1298870798536251)	(18, 0.11496873425354578)	(19, 0.11668690473240322)	(20, 0.12185793703896447)	(21, 0.10120684955269743)	(22, 0.12058583004981042)	(23, 0.10918642975739103)	(24, 0.09990170082356538)	(25, 0.10588225575958829)	(26, 0.09259947628842134)	(27, 0.08989005361022312)	(28, 0.08718063093202488)	(29, 0.03347121822341716)	(30, 0.02998365444549)	(31, 0.04469451776450055)	(32, 0.026198641571508575)	(33, 0.026264866550841193)	(34, 0.030165772905780472)	(35, 0.02462863652562337)	(36, 0.028843633127499435)	(37, 0.0265295395265345)	(38, 0.023339394633625225)	(39, 0.021422093087259158)	(40, 0.023009165813602947)	(41, 0.02168774278866022)	(42, 0.03154011471146333)	(43, 0.020035995359980876)	(44, 0.022303533398838594)	(45, 0.02485947285678016)	(46, 0.027536103258896993)	(47, 0.020388863053749037)	(48, 0.021437089985809225)	(49, 0.021456803445244966)	(50, 0.02641429413229908)
SRR18306588_1	(1, 30.96074558801233)	(2, 30.930239176589847)	(3, 30.93012267638256)	(4, 30.929889675967985)	(5, 30.9297731757607)	(6, 30.9297731757607)	(7, 30.9297731757607)	(8, 30.9297731757607)	(9, 30.92982310442097)	(10, 30.9297731757607)	(11, 30.9297731757607)	(12, 30.929873033081236)	(13, 30.9297731757607)	(14, 30.9297731757607)	(15, 30.9297731757607)	(16, 30.9297731757607)	(17, 30.92982310442097)	(18, 30.9297731757607)	(19, 30.9297731757607)	(20, 30.929906318854744)	(21, 30.929889675967985)	(22, 30.9300727477223)	(23, 30.930039461948784)	(24, 30.929906318854744)	(25, 30.931204464021654)	(26, 30.93889347770261)	(27, 30.94084069545298)	(28, 30.946349490968988)																						
SRR18306588_2	(1, 0.05588681372432357)	(2, 0.05558724176272802)	(3, 0.06359247029203106)	(4, 0.0732619874968649)	(5, 0.08349736285137918)	(6, 0.09271752211381971)	(7, 0.09499759759929687)	(8, 0.10731333379822464)	(9, 0.11312170127582705)	(10, 0.12087728650380049)	(11, 0.1264526535668286)	(12, 0.13144551959342093)	(13, 0.13379216662591933)	(14, 0.13833567471011834)	(15, 0.13593909901735404)	(16, 0.1422467530976157)	(17, 0.1285663001847527)	(18, 0.13618874231868364)	(19, 0.13292673651464335)	(20, 0.12610315294496713)	(21, 0.11778170956731325)	(22, 0.12107700114486418)	(23, 0.11673320770172885)	(24, 0.11242270003210414)	(25, 0.10869469339891517)	(26, 0.09657867184105111)	(27, 0.09439845367610579)	(28, 0.09443173944961641)	(29, 0.03127243855748467)	(30, 0.03428646600452768)	(31, 0.02939086638445884)	(32, 0.030723132620523355)	(33, 0.02820872122406534)	(34, 0.026959828855875816)	(35, 0.028791661108993505)	(36, 0.030107210310520573)	(37, 0.026660210044488084)	(38, 0.02704327423445386)	(39, 0.026427285747899678)	(40, 0.02516190377861521)	(41, 0.022648423361648858)	(42, 0.022065816752468)	(43, 0.025897424879980844)	(44, 0.02303555670594537)	(45, 0.02671033186629238)	(46, 0.02698941874667011)	(47, 0.026390931177347397)	(48, 0.02303994260116313)	(49, 0.024926313429586025)	(50, 0.03214159390511921)
SRR18306589_1	(1, 30.9677846196794)	(2, 30.95994765235807)	(3, 30.957423323936673)	(4, 30.957423323936673)	(5, 30.957423323936673)	(6, 30.985421920872035)	(7, 30.957423323936673)	(8, 30.957423323936673)	(9, 30.958099777958093)	(10, 30.957423323936673)	(11, 30.957423323936673)	(12, 30.957423323936673)	(13, 30.957423323936673)	(14, 30.957423323936673)	(15, 30.957423323936673)	(16, 30.957423323936673)	(17, 30.957423323936673)	(18, 30.957423323936673)	(19, 30.957423323936673)	(20, 30.957423323936673)	(21, 30.958066780200948)	(22, 30.957522317208095)	(23, 30.958413256650946)	(24, 30.95790179141524)	(25, 30.959881656843784)	(26, 30.962983446015173)	(27, 30.962867953865175)	(28, 30.965738758736567)																						
SRR18306589_2	(1, 0.07345300739908708)	(2, 0.02841106889964689)	(3, 0.030291941056766372)	(4, 0.034565150606713266)	(5, 0.03694098912096945)	(6, 0.043144567463749485)	(7, 0.04537191607086467)	(8, 0.05098153478508066)	(9, 0.05975893818497156)	(10, 0.06291022399207526)	(11, 0.07177012178482228)	(12, 0.0698067552348467)	(13, 0.07327151973480363)	(14, 0.07960708910615345)	(15, 0.08539819548465291)	(16, 0.08369881099181689)	(17, 0.08543119324179535)	(18, 0.0707966879491201)	(19, 0.07323852197766118)	(20, 0.07615882348476774)	(21, 0.06320720380635728)	(22, 0.08120748032756213)	(23, 0.06738142008487683)	(24, 0.061359329406380246)	(25, 0.05464428582789228)	(26, 0.051278514599362675)	(27, 0.05342336881362173)	(28, 0.04938114356367198)	(29, 0.017114123145440505)	(30, 0.01663553555037052)	(31, 0.023220458032199034)	(32, 0.014110540821547045)	(33, 0.013268870388386768)	(34, 0.0163550514994331)	(35, 0.012691268473304766)	(36, 0.015216326821614645)	(37, 0.015826968163533673)	(38, 0.011998133110292384)	(39, 0.010001236126379317)	(40, 0.01082650103000294)	(41, 0.01039782061679872)	(42, 0.012593061569673134)	(43, 0.009078052767584683)	(44, 0.010251146485911937)	(45, 0.010849719657776391)	(46, 0.014035832538134813)	(47, 0.009954114688683817)	(48, 0.009178361272560208)	(49, 0.009214254451636683)	(50, 0.010725018657834182)
SRR18306590_1	(1, 30.982578262640708)	(2, 30.944139268686904)	(3, 30.944289095861254)	(4, 30.944022736440186)	(5, 30.94398944151255)	(6, 30.944189211078353)	(7, 30.94398944151255)	(8, 30.944006088976366)	(9, 30.944105973759267)	(10, 30.94398944151255)	(11, 30.94398944151255)	(12, 30.944039383904)	(13, 30.94398944151255)	(14, 30.94398944151255)	(15, 30.94398944151255)	(16, 30.94398944151255)	(17, 30.944072678831635)	(18, 30.94398944151255)	(19, 30.944205858542173)	(20, 30.94447221796325)	(21, 30.944139268686904)	(22, 30.944189211078353)	(23, 30.944372333180343)	(24, 30.944122621223087)	(25, 30.945837309996254)	(26, 30.953012366901444)	(27, 30.95392797741139)	(28, 30.960437135763897)																						
SRR18306590_2	(1, 0.0369740171378981)	(2, 0.030181851900499438)	(3, 0.031896540673666256)	(4, 0.034426955173873605)	(5, 0.04022027258224305)	(6, 0.048127817895391)	(7, 0.050791412106135574)	(8, 0.06016393423519304)	(9, 0.06748881831474061)	(10, 0.0739480342757962)	(11, 0.07824307994062182)	(12, 0.08348703104302521)	(13, 0.08501859771420334)	(14, 0.091161511862733)	(15, 0.08698299844462745)	(16, 0.09387504846492903)	(17, 0.0813395082106124)	(18, 0.08928034845139465)	(19, 0.0874324799676906)	(20, 0.08077349444082918)	(21, 0.07301577630203561)	(22, 0.07712769986487253)	(23, 0.07130108752886878)	(24, 0.06111283967277079)	(25, 0.05816623857713461)	(26, 0.052039971892422085)	(27, 0.049609442175117674)	(28, 0.04962608963893483)	(29, 0.013155471360538849)	(30, 0.015520130875335382)	(31, 0.011806646759117096)	(32, 0.01273920352501255)	(33, 0.011123913232810681)	(34, 0.010341253023484303)	(35, 0.011606856938077835)	(36, 0.012722582750908816)	(37, 0.010024863994069011)	(38, 0.010091479427536684)	(39, 0.009908330457974691)	(40, 0.009342221043944077)	(41, 0.0062783692360573575)	(42, 0.0059120434486897916)	(43, 0.008660403751353811)	(44, 0.007562120571849557)	(45, 0.010531246391340118)	(46, 0.009625006735002547)	(47, 0.009825523188150888)	(48, 0.006563529900744652)	(49, 0.007763986609797154)	(50, 0.009446558457168186)
SRR18306591_1	(1, 30.954216361904695)	(2, 30.943455866630064)	(3, 30.9426113429753)	(4, 30.942496441797786)	(5, 30.942565382504295)	(6, 30.965763930245334)	(7, 30.942507931915536)	(8, 30.942496441797786)	(9, 30.943007752037744)	(10, 30.942496441797786)	(11, 30.942496441797786)	(12, 30.942496441797786)	(13, 30.942496441797786)	(14, 30.942496441797786)	(15, 30.942496441797786)	(16, 30.942496441797786)	(17, 30.942496441797786)	(18, 30.942496441797786)	(19, 30.942496441797786)	(20, 30.942496441797786)	(21, 30.94313988839189)	(22, 30.942571127563173)	(23, 30.94327776980491)	(24, 30.942881360742476)	(25, 30.945144913939593)	(26, 30.947655504668376)	(27, 30.94741421219559)	(28, 30.950734856225882)																						
SRR18306591_2	(1, 0.079425438959841)	(2, 0.05103335799495607)	(3, 0.05550301380043573)	(4, 0.0667116236673905)	(5, 0.07106637829535141)	(6, 0.07903477495627723)	(7, 0.08311376675819311)	(8, 0.0898642109374201)	(9, 0.10092919433247645)	(10, 0.10548502602109518)	(11, 0.11586634740991489)	(12, 0.11264336938051375)	(13, 0.11711877024486933)	(14, 0.12508142184691923)	(15, 0.1298096053018161)	(16, 0.13150439767021777)	(17, 0.12927531482635388)	(18, 0.11393600762759977)	(19, 0.11553887905398642)	(20, 0.12056006051155613)	(21, 0.10053853032891266)	(22, 0.1207381573367102)	(23, 0.10904121746530071)	(24, 0.09924589208182663)	(25, 0.10603080661430926)	(26, 0.09142112189279926)	(27, 0.08984123070191635)	(28, 0.08702040679383086)	(29, 0.032050342489178124)	(30, 0.02865341041685108)	(31, 0.0429313273499628)	(32, 0.024434587327927564)	(33, 0.024515192665560178)	(34, 0.02826865360391995)	(35, 0.022704718241631658)	(36, 0.027170954680549014)	(37, 0.024917726953789774)	(38, 0.02140568808452143)	(39, 0.019480187660482342)	(40, 0.02137147012204673)	(41, 0.02030322977134091)	(42, 0.029518179950987752)	(43, 0.018614433118652237)	(44, 0.020772668526681956)	(45, 0.023881161542426244)	(46, 0.026648219434843547)	(47, 0.019134265359964958)	(48, 0.02005345690517449)	(49, 0.01962262046280224)	(50, 0.024314826066111933)
